281.91
280.39
279.93
267
267.03
270.39
270.67
266.23
267.47
266.67
262.44
260.5
257.99
237.41
237.37
236.43
234.96
232.71
228.14
226.32
231.18
228.64
235.22
233.22
232.07
231.96
231.22
230.58
229.6
230.9
236.14
242.91
242.11
245.78
244.42
241.29
241.17
240.12
235.94
232.44
259.18
231.22
230.28
234.35
233.21
232.37
231.22
232.39
231.84
235.65
237.43
235.4
234.53
239.34
239.8
237.73
238.44
238.54
239.31
238.97
240.38
246.94
246.68
244.25
244.23
245.32
247.24
247.45
250.24
254.28
255.96
266.13
273.58
271.67
264.82
270.83
270.77
276.51
278.68
281.71
294.06
285.3
296.21
306.33
318.17
334.17
332.78
327.47
365.36
417.9
495.56
447.56
395.84
390.59
389.89
385.28
381.39
340.58
345.08
340.91
338.18
334.66
331.63
338.35
336.53
335.33
326.47
328.16
327.01
325.12
323.06
329.13
366.76
363.59
359.54
371.94
382.36
378.93
362.23
370.27
363.52
389.79
402.81
399.97
415.56
423.12
419.51
451.94
469.1
441.68
447.14
465.32
465.21
457.86
465.18
465.58
462.64
444.73
443.69
444.53
458.46
458.31
457.49
424.01
429.77
432.98
434.39
432.92
436.25
436.06
433.74
434.52
434.18
431.86
458.77
462.93
454.64
448.31
450.66
448.18
435.19
433.32
430.25
390.56
390.96
388.1
387.73
425.27
422.88
410.41
394.54
405.49
402.32
397.77
396.84
395.5
384.38
380.92
380.35
378.07
375.88
374.95
391.61
391.09
386.63
380.87
379.88
377.25
385.48
383.13
384.95
391.86
407.23
410.38
408.94
421.17
426
423.1
441.98
448.05
439.05
439.86
425.55
427.72
432.15
434.23
435.68
441.51
439.65
435.92
425.37
425.18
411.26
411.91
415.92
416.24
416.03
417.51
423.93
421.8
416.6
416.68
418.13
417.69
421
420.55
410.98
414.63
413.42
418.38
419.27
418.68
418.08
418.99
428.8
426.86
426.2
416.83
418.37
418.17
422.08
421.58
422.34
424.26
424.53
423.66
425.36
420.89
422.44
422.74
427.28
426.66
425.37
429.93
432.63
431.37
429.27
436.02
443.05
450.55
449.81
450.28
460.15
466.62
467.96
467.08
449.55
455.38
455.59
452.48
452.44
451.1
450.38
448.51
461.38
460.68
459.42
462.48
461.93
454.58
454.95
457.06
456.84
458.69
458.2
455.07
456
454.63
444.05
443.78
443.43
444.35
447.1
450.3
453.64
478.15
533.47
553.96
544.35
546.62
543.08
540.35
574.64
590.13
582.81
586.47
590.26
582.84
582.2
579.13
607.12
684.84
716
704.5
696.3
773.72
775.36
777.99
766.62
764.08
735.88
678.67
629.33
681.73
691.73
665.98
655.27
659.25
644.68
675.4
686.15
703.7
704.97
683.66
683.49
681.9
682.43
666.71
666.38
652.29
659.63
675.26
668.7
662.9
667.08
666.46
682.37
681.55
673.28
672.93
666.22
666.58
656.37
663.11
661.83
656.23
657.46
657.6
657.8
658.22
655.28
626.12
612.85
573.36
579.5
578.28
588.4
597.51
592.99
591.09
599.98
597.54
589.91
589.77
585.67
573.58
581.74
580.89
577.79
578.24
582.82
584.16
588.45
589.47
583.59
580.45
580.62
579.85
574.04
576.28
578.36
577.86
576.31
575.64
599.5
611.84
609.05
610.83
614.54
628.77
626.83
625.1
628.82
608.46
611.19
611.95
611.09
609.26
607.86
610.16
610.93
609.52
603.59
598.49
603.21
604.58
603.38
608.14
608.25
606.59
606.82
609.74
615.24
614
612.57
612.05
613.81
613.82
617.91
619.85
619.2
621.32
642.08
641.34
638.83
641.28
642.1
642.9
642.33
640.74
638.87
631.92
634.09
658.2
661.13
657.25
664.42
679.73
688.59
690.44
720.4
714.12
709.29
736.45
740.83
745.77
706.93
707.51
714.26
710.74
712.99
740.05
723.02
718.32
717.15
705.26
706.28
715.72
747.62
755.64
752.88
756.24
755.48
741.72
753.87
752.25
746.83
741.65
742.21
739.02
738.01
737.47
747.93
758.27
781.3
778.25
773.87
773.47
765.62
771.54
774.7
774.53
777.09
774.8
781.92
788.46
782.03
781.43
785.03
792.51
794.74
793.61
801.34
834.28
875.78
925.12
923.48
899.65
913.18
940.05
975.92
979.4
972.53
963.74
1003.08
1031.39
1044.08
1159.42
1191.1
1046.81
908.59
942.72
913.69
914.87
919.45
826.25
829
835.09
823.31
834.53
910.56
917.5
904.61
899.4
927.37
937.52
928.27
924.14
903.25
919.33
923.22
923.91
923.42
923.05
972.02
989.11
1013.52
1033.87
1045.9
1043.63
1044.64
1061.93
1078.97
1088.99
998.9
1009.29
1004.76
1002.1
1011.51
1008.84
1033.37
1053.17
1061.1
1056.81
1080.49
1117.25
1125.39
1176.62
1200.39
1174.85
1167.47
1181.98
1193.25
1222.5
1262.13
1280.31
1279.4
1267.29
1276
1275.55
1232.16
1197.46
1270.47
1193.83
1226.98
1237.37
1244.81
1251.61
1257.98
1180.16
1114.07
1069.91
1063.03
1122.43
1120.65
1058.01
1040.47
975.76
1007.96
1046.4
1064.65
1055.13
1049.29
1074.92
1091.72
1107.59
1151.74
1156.44
1135.09
1188.37
1186.58
1184.98
1197.21
1190.34
1208.07
1207.14
1205.89
1190.8
1188
1187.22
1194.9
1217.57
1215.51
1240.79
1235.94
1235.56
1232.2
1250.94
1267.58
1294.83
1319.7
1331.28
1327.2
1347.91
1434.32
1473.9
1492.77
1608.91
1618.03
1578.8
1596.72
1723.35
1833.49
1788.44
1873.93
1856.15
1812.99
1831.42
1812.8
1785.94
1864.05
1904.48
2004.52
2084.73
2119.08
2303.9
2320.82
2523.72
2763.71
2573.79
2260.2
2267.34
2307.05
2301.96
2311.08
2448.39
2488.55
2581.91
2585.89
2686.81
2999.91
2869.38
2815.3
2901.71
2950.99
2996.6
2997.26
2789.04
2786.83
2534.71
2539.92
2685.19
2662.1
2662.85
2763.45
2772.01
2723.74
2765.17
2757.94
2682.26
2615.25
2552.45
2603.98
2588.83
2559.25
2515.27
2514.28
2595
2631.59
2622.65
2616.72
2916.14
2571.34
2635.49
2537.16
2413.47
2423.71
2425.22
2363.25
2231.14
2058.77
2230.49
2387.61
2397.17
2900.7
2838.41
2862.42
2832.18
2777.26
2768.08
2610.76
2693.32
2897.45
2808.76
2758.53
2889.62
2921.35
2762.53
2813.31
2899.33
3290.01
3293.29
3397.68
3484.85
3422.76
3453.45
3679.72
3949.92
4208.39
4325.13
4455.97
4381.23
4484.7
4370.13
4243.26
4196.29
4109.14
4128.76
4255.78
4376.39
4455.7
4379.28
4416.59
4403.93
4625.68
4626.52
4736.05
4892.01
4975.04
4714.08
4591.63
4427.84
4617.25
4655.04
4661
4308.82
4245.44
4261.67
4344.65
4131.98
3920.6
3733.45
3808.84
3664.81
4079.23
4094.07
4031.39
3916.42
3758.27
3819.21
3796.15
3950.25
3969.89
4210.05
4279.31
4214.63
4358.43
4403.74
4470.23
4432.47
4352.31
4362.64
4413.27
4443.88
4624.14
4878.71
4922.17
4873.73
5446.91
5840.3
5837.7
5852.48
5776.23
5800.35
5603.82
5744.35
6060.11
6194.88
6076.26
6075.59
5935.52
5754.33
5976.8
5988.39
5876.72
6255.71
6214.99
6470.43
6767.31
7367.33
7461.29
7492.86
7617.48
7445.77
7253.32
7776.42
7446.83
7312
6873.15
6625.05
6811.19
6764.98
7342.25
7967.38
8004.59
7884.99
8101.91
8336.86
8348.66
8302.26
8267.4
8374.16
8790.92
9522.93
9818.35
10125.7
11517.4
10801
11046.7
11320.2
11858.7
11657.2
12032
14369.1
17899.7
18353.4
16783
15850.6
17513.9
17781.8
17653.1
17085.8
18154.1
19716.7
20089
19371
19177.8
17934.7
17567.7
15943.4
15603.2
14626
14593
16461.2
16930.9
15888.4
15279
14681.9
14377.4
14112.2
15444.6
15572.8
15739.7
17705.2
17712.4
17579.6
16537.9
15497.5
14973.3
15018.8
14229.9
14659.5
14511.8
14445.5
13843.1
11678
12107.3
11992.8
13103
12895.9
11966.4
11377.6
11501.4
11785.7
11656.7
11614.9
12040.3
11875.6
11307.2
10381.6
10288.8
9142.28
9430.75
9334.87
8364.84
7850.7
8509.11
8558.77
8736.98
9122.55
8616.13
8985.92
8958.47
9518.54
10234.8
10324.1
11139.5

