  -1.1782533e+00  -1.2274367e+00  -1.1678988e+00  -1.1628279e+00  -1.5610366e+00  -1.7953950e+00   5.7406861e-01  -7.4507453e-01  -1.6905910e+00  -5.5147117e-01  -4.0699375e-01  -2.0420631e+00  -1.5634158e+00  -9.0247766e-01
  -1.1852709e+00  -1.2422521e+00  -1.1650958e+00  -1.1692859e+00  -1.5406006e+00  -1.7797416e+00   6.0462559e-01  -6.5666538e-01  -1.6949270e+00  -5.7454141e-01  -3.9821238e-01  -2.0413353e+00  -1.5153972e+00  -8.6515920e-01
  -1.1801070e+00  -1.2528067e+00  -1.1622959e+00  -1.1643806e+00  -1.5452222e+00  -1.7822625e+00   5.8170785e-01  -6.6719028e-01  -1.7145046e+00  -5.6195764e-01  -4.1944931e-01  -2.0391257e+00  -1.5124228e+00  -6.6055110e-01
  -1.1788822e+00  -1.2284727e+00  -1.1595767e+00  -1.1631491e+00  -1.5372240e+00  -1.7748198e+00   6.3327276e-01  -7.5559943e-01  -1.6980804e+00  -5.9551436e-01  -4.0915965e-01  -2.0411953e+00  -1.5073649e+00  -4.9326147e-01
  -1.1889784e+00  -1.2606807e+00  -1.1573712e+00  -1.1724880e+00  -1.5208091e+00  -1.7615034e+00   6.1990408e-01  -6.2719566e-01  -1.7240963e+00  -5.8083329e-01  -4.1313606e-01  -2.0388738e+00  -1.4881207e+00  -4.6109038e-01
  -1.1796767e+00  -1.2798118e+00  -1.1554564e+00  -1.1637151e+00  -1.5324386e+00  -1.7625166e+00   5.2727823e-01  -7.0507992e-01  -1.7357903e+00  -5.2001175e-01  -4.1676139e-01  -2.0361385e+00  -1.5040017e+00  -9.0479488e-02
  -1.1771609e+00  -1.2797600e+00  -1.1535601e+00  -1.1612806e+00  -1.5174430e+00  -1.7274720e+00   3.4680105e-01  -7.4928449e-01  -1.7259358e+00  -4.0885513e-01  -4.2609225e-01  -2.0380078e+00  -1.4969666e+00  -1.2651110e-01
  -1.1718646e+00  -1.2103323e+00  -1.1511025e+00  -1.1562449e+00  -1.5005224e+00  -1.7151154e+00   3.4584614e-01  -6.0825084e-01  -1.6351432e+00  -4.1304972e-01  -4.1304310e-01  -2.0392420e+00  -1.4010030e+00   7.2795290e-01
  -1.1802063e+00  -1.2312182e+00  -1.1482852e+00  -1.1639567e+00  -1.4929676e+00  -1.7110734e+00   3.9932086e-01  -6.3351060e-01  -1.6597137e+00  -4.6128750e-01  -4.0445339e-01  -2.0341064e+00  -1.3950166e+00   3.0072090e-01
  -1.1829207e+00  -1.1541820e+00  -1.1451477e+00  -1.1664127e+00  -1.5196081e+00  -1.7230394e+00   2.7327331e-01  -7.3875959e-01  -1.5728628e+00  -3.7110383e-01  -7.4871698e-02  -2.0291939e+00  -1.2815968e+00   5.1819743e-01
  -1.1534598e+00  -1.1630078e+00  -1.1420861e+00  -1.1387667e+00  -1.5018629e+00  -1.7145822e+00   4.0409539e-01  -7.8085919e-01  -1.5807464e+00  -4.4660643e-01  -3.8127411e-01  -2.0345709e+00  -1.3259190e+00   5.4779483e-01
  -1.0591188e+00  -1.0847899e+00  -1.1381364e+00  -1.0503862e+00  -1.4823177e+00  -1.6916501e+00   3.6780897e-01  -7.3244465e-01  -1.5076919e+00  -4.2773078e-01  -3.9132774e-01  -2.0289446e+00  -1.2246472e+00   1.2774350e+00
  -1.0634883e+00  -1.1840427e+00  -1.1348561e+00  -1.0543563e+00  -1.4679218e+00  -1.6809000e+00   4.2987785e-01  -7.6401935e-01  -1.5894184e+00  -4.7806585e-01  -3.8611090e-01  -2.0355130e+00  -1.3227666e+00   1.4678878e+00
  -9.8093161e-01  -1.1232173e+00  -1.1314688e+00  -9.7692871e-01  -1.4517311e+00  -1.6654186e+00   3.8022275e-01  -6.1035582e-01  -1.5359414e+00  -4.4031455e-01  -4.0227237e-01  -2.0322257e+00  -1.2910371e+00   1.6531933e+00
  -9.3991810e-01  -1.0372388e+00  -1.1269261e+00  -9.3836662e-01  -1.4357241e+00  -1.6497200e+00   4.0982483e-01  -6.4193052e-01  -1.4384477e+00  -4.5289832e-01  -3.5770326e-01  -2.0318671e+00  -1.2360093e+00   1.7998934e+00
  -9.0976207e-01  -1.0020587e+00  -1.1207747e+00  -9.0995522e-01  -1.4565372e+00  -1.6688980e+00   3.6303445e-01  -6.0825084e-01  -1.2677681e+00  -4.2773078e-01  -3.6334847e-01  -2.0286559e+00  -1.0231985e+00   1.9658962e+00
  -8.3187281e-01  -1.0015019e+00  -1.1149246e+00  -8.3678512e-01  -1.4431142e+00  -1.6552190e+00   3.7067369e-01  -6.0614587e-01  -1.2626438e+00  -4.4031455e-01  -3.1491046e-01  -2.0239358e+00  -9.7779011e-01   2.9619130e+00
  -8.8384312e-01  -1.0153686e+00  -1.1095518e+00  -8.8532464e-01  -1.4401454e+00  -1.6569081e+00   4.0696011e-01  -5.8720105e-01  -1.3564584e+00  -4.5289832e-01  -3.8237669e-01  -2.0298272e+00  -1.0922958e+00   1.9723304e+00
  -9.3184118e-01  -1.0580795e+00  -1.1048365e+00  -9.3016844e-01  -1.4390951e+00  -1.6584665e+00   4.3274256e-01  -5.8930603e-01  -1.4080959e+00  -4.8226044e-01  -3.7171339e-01  -2.0291554e+00  -1.1354893e+00   1.5644011e+00
  -9.5236449e-01  -1.1240235e+00  -1.1011503e+00  -9.4926503e-01  -1.4217243e+00  -1.6361690e+00   3.8213256e-01  -5.4931141e-01  -1.4648577e+00  -4.4241185e-01  -4.0642680e-01  -2.0309801e+00  -1.2395412e+00   1.6338906e+00
  -8.9863977e-01  -1.1051773e+00  -1.0975556e+00  -8.9869280e-01  -1.4255873e+00  -1.6416227e+00   3.9550124e-01  -5.5352137e-01  -1.4317467e+00  -4.5499561e-01  -4.3662386e-01  -2.0297476e+00  -1.1888377e+00   1.8024671e+00
  -8.2809917e-01  -1.0945708e+00  -1.0936269e+00  -8.3229791e-01  -1.3879147e+00  -1.6169123e+00   5.1581936e-01  -5.1563173e-01  -1.4917933e+00  -5.3469281e-01  -3.9750679e-01  -2.0304491e+00  -1.2157921e+00   4.0685983e+00
  -7.1419481e-01  -9.8102384e-01  -1.0875962e+00  -7.2513601e-01  -1.3470963e+00  -1.5829128e+00   5.1772917e-01  -3.5354829e-01  -1.2096924e+00  -5.3888740e-01  -2.1978268e-01  -1.9785428e+00  -9.1114878e-01   3.1176211e+00
  -7.1399620e-01  -9.1462651e-01  -1.0813591e+00  -7.2472757e-01  -1.3644150e+00  -1.5742383e+00   3.5635011e-01  -4.9247696e-01  -1.2393872e+00  -4.1934160e-01   8.0633777e-01  -2.0327707e+00  -8.5366313e-01   1.6326038e+00
  -7.4027927e-01  -9.6308089e-01  -1.0759907e+00  -7.4920829e-01  -1.3292926e+00  -1.5192117e+00   2.2648293e-01  -4.8826700e-01  -1.2790679e+00  -3.4593629e-01  -2.9227787e-01  -2.0306188e+00  -1.0405696e+00   1.7265434e+00
  -7.3584359e-01  -9.7683759e-01  -1.0702898e+00  -7.4483915e-01  -1.3464573e+00  -1.5012082e+00   4.6005754e-02  -6.7350522e-01  -1.1475435e+00  -2.2009861e-01  -3.6053240e-01  -1.8828372e+00  -8.8045251e-01   1.8101882e+00
  -7.2836251e-01  -1.0391458e+00  -1.0654508e+00  -7.3759889e-01  -1.3266410e+00  -1.4995525e+00   1.5963953e-01  -6.0404089e-01  -1.2665856e+00  -2.8511474e-01  -3.7853650e-01  -1.7030960e+00  -1.0728506e+00   1.8732435e+00
  -6.5997355e-01  -1.0246736e+00  -1.0604840e+00  -6.7307278e-01  -1.3086936e+00  -1.4703175e+00   1.1571387e-01  -6.3982554e-01  -1.2899736e+00  -2.6414180e-01  -3.1514648e-01  -1.6919614e+00  -1.0365320e+00   2.3854072e+00
  -6.5073806e-01  -9.9175011e-01  -1.0552774e+00  -6.6415431e-01  -1.2922731e+00  -1.4676806e+00   2.0070048e-01  -5.9141101e-01  -1.2924700e+00  -3.2706064e-01  -3.6264494e-01  -1.6932438e+00  -1.1098696e+00   1.3469246e+00
  -5.9608648e-01  -9.5866800e-01  -1.0493648e+00  -6.1249375e-01  -1.2821799e+00  -1.4470961e+00   1.6154934e-01  -6.3982554e-01  -1.1696175e+00  -2.9979581e-01  -3.1283149e-01  -1.6907053e+00  -1.0069929e+00   1.3121798e+00
  -6.2419017e-01  -9.3711509e-01  -1.0432701e+00  -6.3870134e-01  -1.2526335e+00  -1.4238508e+00   1.9115142e-01  -5.6194129e-01  -1.1677780e+00  -3.1028228e-01  -3.1156209e-01  -1.6904201e+00  -9.5879802e-01   2.4381678e+00
  -6.1214100e-01  -1.0001841e+00  -1.0381146e+00  -6.2711687e-01  -1.2460639e+00  -1.4130247e+00   1.6250425e-01  -5.4720643e-01  -1.2276932e+00  -3.0189310e-01  -3.1034018e-01  -1.6906913e+00  -1.0678064e+00   1.5335169e+00
  -5.4692985e-01  -9.0910635e-01  -1.0325257e+00  -5.6545152e-01  -1.2472574e+00  -1.4139138e+00   1.6727878e-01  -5.6404627e-01  -1.1554270e+00  -3.0399040e-01  -3.9065354e-01  -1.6901795e+00  -1.0007898e+00   1.3469246e+00
  -3.5877745e-01  -9.1711949e-01  -1.0265610e+00  -3.8790910e-01  -1.2078179e+00  -1.3842589e+00   2.7995765e-01  -6.1456578e-01  -1.2723669e+00  -3.8788218e-01  -3.9804036e-01  -1.6935044e+00  -1.1031407e+00   1.3417772e+00
  -3.4643036e-01  -8.2926962e-01  -1.0189208e+00  -3.7595540e-01  -1.1879964e+00  -1.3567650e+00   1.9783576e-01  -5.0721181e-01  -1.0009088e+00  -3.1447687e-01  -2.8960414e-01  -1.6905425e+00  -8.6594789e-01   1.6390380e+00
  -1.6443496e-01  -6.5945265e-01  -1.0107584e+00  -2.0405318e-01  -1.1889871e+00  -1.3654648e+00   1.8924161e-01  -3.8722796e-01  -8.9671408e-01  -3.2706064e-01   2.0987280e-01  -1.6977417e+00  -6.5982146e-01   1.4498720e+00
  -1.8618305e-01  -7.0117600e-01  -1.0025837e+00  -2.2418614e-01  -1.1607785e+00  -1.3410877e+00   2.2266331e-01  -3.7249311e-01  -9.8133122e-01  -3.4803359e-01  -2.0871931e-01  -1.6942611e+00  -8.9561687e-01   1.3945378e+00
  -3.3265989e-01  -7.9715232e-01  -9.9523482e-01  -3.6199431e-01  -1.1402903e+00  -1.3163293e+00   2.4271633e-01  -4.4616740e-01  -1.0949862e+00  -3.6061735e-01  -3.6823849e-01  -1.6846993e+00  -9.6693889e-01   1.3507851e+00
  -3.2987931e-01  -7.6086820e-01  -9.8801749e-01  -3.5904310e-01  -1.1244659e+00  -1.2962514e+00   2.5417520e-01  -5.0510683e-01  -1.0621380e+00  -3.6900653e-01  -3.2254368e-01  -1.6834720e+00  -9.3278755e-01   1.4730352e+00
  -3.0031913e-01  -8.0494530e-01  -9.8139619e-01  -3.3081036e-01  -1.1092367e+00  -1.2844201e+00   2.8377727e-01  -5.0931679e-01  -1.0828981e+00  -3.8578489e-01  -4.2386218e-01  -1.6849153e+00  -9.2689264e-01   1.6519064e+00
  -2.5235417e-01  -8.2430957e-01  -9.7500512e-01  -2.8518336e-01  -1.0797213e+00  -1.2518857e+00   2.2934765e-01  -3.9143792e-01  -1.0928839e+00  -3.5642276e-01  -5.1110136e-01  -1.6837983e+00  -9.6600911e-01   1.7574276e+00
  -3.0720436e-01  -8.1156949e-01  -9.6773453e-01  -3.3663434e-01  -1.0614270e+00  -1.2406969e+00   2.9428124e-01  -4.2932756e-01  -1.0964316e+00  -3.9836866e-01  -5.9981367e-01  -1.6834851e+00  -8.8432738e-01   1.4189878e+00
  -2.8512526e-01  -6.8124838e-01  -9.5939893e-01  -3.1543424e-01  -1.0510440e+00  -1.2333075e+00   2.8186746e-01  -3.5565327e-01  -9.6175365e-01  -3.9207677e-01  -5.0236628e-01  -1.6831650e+00  -7.6634472e-01   1.3289088e+00
  -3.1051458e-01  -6.0911721e-01  -9.5083695e-01  -3.3910589e-01  -1.0322148e+00  -1.1377133e+00  -6.8582930e-02  -4.0406780e-01  -9.2207295e-01  -1.1523388e-01   6.0770726e-01  -1.6826095e+00  -5.5821629e-01   2.8141825e-01
  -3.9403120e-01  -8.9143536e-01  -9.4637237e-01  -4.1774767e-01  -1.0230879e+00  -1.1015395e+00  -1.3447142e-01  -5.1142177e-01  -1.3245299e+00  -7.3287982e-02   2.3361542e+00  -1.6808355e+00  -5.6867353e-01  -1.3294532e-01
  -4.0836441e-01  -6.8767184e-01  -9.3865233e-01  -4.3100984e-01  -1.0116436e+00  -1.1040591e+00  -9.0545761e-02  -4.5248234e-01  -9.9657282e-01  -1.1733117e-01   1.0306540e+00  -1.6797780e+00  -5.0924790e-01   2.0379595e+00
  -3.8890037e-01  -7.1426250e-01  -9.3094248e-01  -4.1231646e-01  -1.0188611e+00  -1.0919105e+00  -1.4211067e-01  -5.3878651e-01  -9.3981101e-01  -7.1190688e-02   1.0161335e+00  -1.6798856e+00  -8.5289685e-01   2.3120571e+00
  -4.6275118e-01  -7.9663430e-01  -9.2394919e-01  -4.8189751e-01  -9.9423902e-01  -1.0823815e+00  -9.5320290e-02  -4.5458732e-01  -9.6451291e-01  -1.2991494e-01   1.5004646e+00  -1.6799739e+00  -7.8536735e-01   1.8140487e+00
  -5.4610229e-01  -8.5955765e-01  -9.1788124e-01  -5.6051074e-01  -9.8157455e-01  -1.0610865e+00  -1.0773406e-01  -4.8826700e-01  -9.5873161e-01  -1.1523388e-01   5.2494515e-01  -1.6801541e+00  -8.8711427e-01   1.7574276e+00
  -6.3110851e-01  -5.8224488e-01  -9.1058437e-01  -6.4073299e-01  -9.4489236e-01  -1.0354922e+00  -7.0492741e-02  -4.0827776e-01  -8.8449453e-01  -1.4040141e-01   1.6737471e+00  -1.6797788e+00  -7.9134096e-01   2.6468928e-01
  -5.2365906e-01  -7.8878305e-01  -9.0480583e-01  -5.3875546e-01  -9.4661245e-01  -1.0268190e+00  -3.6116136e-02  -5.8299109e-01  -1.0990594e+00  -1.6976354e-01   3.0058339e-01  -1.6794491e+00  -9.4862488e-01   1.4086930e+00
  -4.2527959e-01  -7.1999635e-01  -8.9788163e-01  -4.4531035e-01  -9.1739872e-01  -1.0005542e+00  -7.4312364e-02  -4.2722258e-01  -8.2392232e-01  -1.3201223e-01   1.2085743e+00  -1.6768073e+00  -6.4961829e-01   1.7947461e+00
  -5.0128204e-01  -7.5382959e-01  -8.9117844e-01  -5.1703485e-01  -8.8789444e-01  -9.8363978e-01  -1.1288588e-02  -4.1038274e-01  -8.9553155e-01  -1.9073648e-01   5.6314997e-01  -1.1224139e+00  -7.2419318e-01   1.8526540e+00
  -5.4173281e-01  -7.8989355e-01  -8.8463255e-01  -5.5510757e-01  -8.8613256e-01  -9.7129524e-01  -2.6944367e-03  -5.2194667e-01  -9.8225097e-01  -1.8654189e-01  -3.1759743e-02   6.0518846e-02  -7.7049795e-01   1.7677224e+00
  -6.0687777e-01  -8.2935056e-01  -8.7967751e-01  -6.1661531e-01  -8.6967803e-01  -9.4379729e-01  -2.8476891e-02  -5.3878651e-01  -1.0734378e+00  -1.7186083e-01  -7.2488719e-02   6.4204137e-02  -8.7773181e-01   1.1217270e+00
  -5.3077602e-01  -8.0295739e-01  -8.7502509e-01  -5.4421101e-01  -8.5956732e-01  -9.3103682e-01  -4.6042481e-03  -5.9983093e-01  -1.0212747e+00  -1.8863919e-01  -1.5704244e-01   6.4889935e-02  -8.3720911e-01   1.5450984e+00
  -5.5586742e-01  -6.3001935e-01  -8.6749139e-01  -5.6775252e-01  -8.2536802e-01  -9.1672728e-01   1.2584054e-02  -4.2090764e-01  -8.0579008e-01  -2.1380673e-01   3.6417036e-02   6.5656210e-02  -5.7029501e-01   1.6840775e+00
  -5.8023057e-01  -6.9660770e-01  -8.6050223e-01  -5.9061477e-01  -7.9681856e-01  -8.9764789e-01   3.7411603e-02  -3.5986323e-01  -8.0723540e-01  -2.2219590e-01  -2.2701000e-01   6.5005401e-02  -6.5769316e-01   1.3005982e+00
  -5.9032671e-01  -7.2852750e-01  -8.5458057e-01  -5.9995444e-01  -8.2853371e-01  -9.0337757e-01  -5.1394627e-02  -4.2511760e-01  -8.1222834e-01  -1.4879059e-01  -1.1495678e-01   6.4047558e-02  -6.8050398e-01   1.1500375e+00
  -5.9072394e-01  -7.7001774e-01  -8.4972489e-01  -6.0008976e-01  -8.0754755e-01  -8.8436617e-01   6.8546203e-03  -5.0931679e-01  -9.7830918e-01  -1.9073648e-01  -2.1351325e-01   6.3611936e-02  -8.2274422e-01   1.3803825e+00
  -6.7328060e-01  -6.5152693e-01  -8.4389350e-01  -6.7824911e-01  -7.8744610e-01  -8.8307440e-01   4.3141037e-02  -4.0617278e-01  -8.6281467e-01  -2.2848779e-01  -4.7161138e-02   6.4177895e-02  -7.6398500e-01   1.5746958e+00
  -6.5762330e-01  -8.0449527e-01  -8.3863997e-01  -6.6315483e-01  -7.8056932e-01  -8.5937580e-01   4.6005754e-02  -5.4510145e-01  -9.7121396e-01  -2.2848779e-01  -1.1824088e-01   6.7416192e-02  -8.4933892e-01   1.1384559e+00
  -6.8393948e-01  -8.7880860e-01  -8.3451930e-01  -6.8793842e-01  -7.6952844e-01  -8.3918594e-01   5.2690094e-02  -6.2088072e-01  -1.2213864e+00  -2.2219590e-01  -5.9438752e-02   7.5766484e-02  -1.0496757e+00   1.3713746e+00
  -7.8973382e-01  -6.2807354e-01  -8.2939871e-01  -7.8830017e-01  -7.5073043e-01  -6.6904584e-01  -4.2476276e-01  -6.4193052e-01  -7.4758294e-01   1.5112255e-01  -3.6612542e-01   7.4131590e-02  -8.0353110e-01   1.0651059e+00
  -8.4008213e-01  -6.6354502e-01  -8.2358357e-01  -8.3600220e-01  -7.5929063e-01  -6.4842538e-01  -4.9542578e-01  -6.9034506e-01  -7.6098504e-01   2.2662516e-01  -2.3380785e-01   7.6545880e-02  -7.4443222e-01   1.3083193e+00
  -7.2885904e-01  -6.8895718e-01  -8.1791773e-01  -7.3007596e-01  -7.9027469e-01  -6.8607758e-01  -5.0592974e-01  -6.8403012e-01  -7.2800538e-01   2.2662516e-01  -2.5466503e-01   7.5837338e-02  -7.3376694e-01   1.0046242e+00
  -7.9089240e-01  -7.6369141e-01  -8.1126822e-01  -7.8890431e-01  -7.7840700e-01  -6.5676795e-01  -5.0306502e-01  -7.7875421e-01  -7.3575757e-01   2.1194409e-01  -3.0591308e-01   7.5441080e-02  -6.6935817e-01   1.6454722e+00
  -8.1826784e-01  -8.0048384e-01  -8.0684892e-01  -8.1478655e-01  -8.0419959e-01  -6.9061414e-01  -5.1261408e-01  -7.5770441e-01  -8.1932356e-01   2.4130622e-01  -3.4482436e-01   7.3869167e-02  -8.5974004e-01   1.9401594e+00
  -9.1108616e-01  -8.5688337e-01  -8.0305317e-01  -9.0296311e-01  -7.6012879e-01  -6.5676795e-01  -4.1616860e-01  -8.1874883e-01  -9.8921481e-01   1.4902525e-01  -7.5976559e-02   7.3921652e-02  -1.0348109e+00   2.7971971e+00
  -9.5636985e-01  -8.0127059e-01  -7.9865864e-01  -9.4593465e-01  -7.3076006e-01  -6.0899349e-01  -4.4290596e-01  -8.2085381e-01  -9.2640892e-01   1.7629008e-01  -2.6049064e-01   7.3795689e-02  -9.8331214e-01   3.3852845e+00
  -8.4200206e-01  -8.0342361e-01  -7.9336451e-01  -8.3690935e-01  -7.9456904e-01  -6.6136849e-01  -5.5367503e-01  -7.7243927e-01  -8.4901840e-01   2.7276564e-01  -2.0074462e-01   7.5800599e-02  -9.2318668e-01   2.5089441e+00
  -7.1912702e-01  -7.3031144e-01  -7.8645132e-01  -7.1972316e-01  -7.6343077e-01  -6.4883331e-01  -4.6582370e-01  -7.8717413e-01  -6.5560779e-01   1.9936033e-01  -5.4735972e-02   7.4719417e-02  -7.4271328e-01   1.8899725e+00
  -8.2730472e-01  -7.3333215e-01  -7.8150825e-01  -8.2259652e-01  -7.1303829e-01  -6.2203525e-01  -3.8370181e-01  -7.2612971e-01  -7.8752644e-01   1.1756583e-01  -1.3584761e-01   7.7328774e-02  -9.1046679e-01   1.9942068e+00
  -7.2164278e-01  -7.9826930e-01  -7.7573949e-01  -7.2174505e-01  -6.7224118e-01  -5.7215183e-01  -3.8847634e-01  -7.0297494e-01  -9.0735692e-01   1.1966313e-01  -2.9405473e-01   7.6559001e-02  -9.4982930e-01   2.9196946e-02
  -7.5474489e-01  -8.5494403e-01  -7.7043944e-01  -7.5311562e-01  -6.7682121e-01  -5.2742218e-01  -4.7346295e-01  -8.2085381e-01  -1.0005146e+00   2.0565221e-01   4.9445483e-01   7.3991631e-02  -1.0522695e+00  -1.7129415e-02
  -7.0793851e-01  -9.4231473e-01  -7.6676286e-01  -7.0831088e-01  -6.8064736e-01  -5.6303073e-01  -3.7224294e-01  -8.6084842e-01  -1.0884166e+00   1.2176042e-01  -2.2212524e-01   7.3291837e-02  -1.1298782e+00  -2.7424162e-02
  -7.1505546e-01  -7.6451701e-01  -7.6170213e-01  -7.1490775e-01  -6.3120668e-01  -5.1401515e-01  -3.6173898e-01  -7.9769903e-01  -9.1891951e-01   9.6592886e-02  -2.4626149e-01   7.5575790e-02  -9.4930246e-01  -1.3551901e-01
  -7.2445646e-01  -7.5608298e-01  -7.5645686e-01  -7.2369026e-01  -6.6892665e-01  -5.3070561e-01  -4.3622162e-01  -8.2295879e-01  -7.5099916e-01   1.5741443e-01  -2.0187410e-01   7.6857288e-02  -7.8594549e-01  -2.1015592e-01
  -7.9691698e-01  -8.2128562e-01  -7.5080520e-01  -7.9264335e-01  -6.0441570e-01  -4.9622221e-01  -3.3691143e-01  -7.5559943e-01  -8.5532526e-01   7.7717234e-02  -7.1730359e-02   7.4686177e-02  -8.8951774e-01  -8.2758427e-02
  -7.9926723e-01  -8.8586340e-01  -7.4605109e-01  -7.9471802e-01  -6.1039423e-01  -4.9210825e-01  -3.7128804e-01  -7.4928449e-01  -1.0344140e+00   1.1756583e-01  -7.5903935e-02   7.4833134e-02  -1.0197264e+00  -1.3268885e-02
  -7.9910172e-01  -8.7801215e-01  -7.4193675e-01  -7.9439320e-01  -6.3254509e-01  -5.0509268e-01  -3.8656653e-01  -8.0611895e-01  -1.0419034e+00   1.2176042e-01  -1.4344520e-01   7.6824048e-02  -1.0796859e+00  -1.7026378e-01
  -8.3789739e-01  -8.0983088e-01  -7.3761227e-01  -8.3127160e-01  -5.9768400e-01  -4.9089912e-01  -3.7415275e-01  -6.5456040e-01  -9.2207295e-01   1.2176042e-01  -1.8915943e-01   7.3967139e-02  -9.2612063e-01  -2.4490069e-01
  -7.8847594e-01  -9.6433386e-01  -7.3388367e-01  -7.8390663e-01  -6.1496229e-01  -4.9115241e-01  -3.3977615e-01  -8.5874344e-01  -1.1593688e+00   8.8203708e-02  -2.7207634e-01   7.4312662e-02  -1.1272248e+00  -2.4361385e-01
  -8.1945952e-01  -9.3891522e-01  -7.2794646e-01  -8.1333760e-01  -5.7059062e-01  -4.5419476e-01  -3.1972313e-01  -7.8927911e-01  -1.1371634e+00   7.9814529e-02  -2.8461654e-01   7.3555135e-02  -9.3581973e-01  -6.0882090e-02
  -8.0439806e-01  -7.9818836e-01  -7.2293376e-01  -7.9878372e-01  -5.3714930e-01  -3.6535803e-01  -4.8110219e-01  -6.9245004e-01  -9.1773697e-01   2.0984680e-01  -4.0690355e-01   7.4466617e-02  -8.6841535e-01   2.8013141e-01
  -7.2306617e-01  -9.0019963e-01  -7.1751812e-01  -7.2089251e-01  -5.3806179e-01  -1.2514597e-01  -9.0889995e-01  -9.1136794e-01  -8.8988164e-01   6.4188950e-01  -1.6610815e-01   7.4317910e-02  -8.6161213e-01   3.1770633e-02
  -7.4881962e-01  -8.5977457e-01  -7.1223816e-01  -7.4535472e-01  -5.5850691e-01  -1.2542059e-01  -9.4996089e-01  -9.4715259e-01  -8.9999891e-01   7.0690564e-01  -1.9028685e-01   7.4801643e-02  -9.6124236e-01   3.6634991e-01
  -7.2806459e-01  -8.4272197e-01  -7.0651577e-01  -7.2535156e-01  -6.1361078e-01  -1.9294099e-01  -1.0148945e+00  -8.6505838e-01  -8.7753069e-01   7.7192177e-01  -2.1044093e-01   7.4580333e-02  -8.9613224e-01   2.9196946e-02
  -7.4061029e-01  -7.7529832e-01  -7.0110095e-01  -7.3719078e-01  -5.5741207e-01  -1.4655829e-01  -9.5378051e-01  -8.4190360e-01  -7.5796300e-01   6.8383540e-01  -3.8215851e-01   7.3269094e-02  -8.4280966e-01  -4.4050089e-01
  -6.3306154e-01  -7.6157076e-01  -6.9588100e-01  -6.3413371e-01  -5.7127575e-01  -1.5319582e-01  -9.5950995e-01  -8.8821316e-01  -7.6847444e-01   7.0271105e-01  -2.7888355e-01   7.4696674e-02  -8.4308171e-01  -2.8350599e-01
  -5.9509342e-01  -7.4950411e-01  -6.8991338e-01  -5.9761707e-01  -5.5257662e-01  -1.3554152e-01  -9.6141976e-01  -8.4190360e-01  -7.6374429e-01   7.1739211e-01  -2.5529119e-01   7.5841712e-02  -8.7418718e-01   8.5818055e-02
  -5.7728448e-01  -6.9755633e-01  -6.8277380e-01  -5.8037712e-01  -5.1031080e-01  -1.0749834e-01  -9.0221561e-01  -8.2927373e-01  -5.7926842e-01   6.3979221e-01  -1.8706934e-01   7.2815977e-02  -7.6799641e-01   1.8490500e-01
  -4.8933217e-01  -5.7551708e-01  -6.7524340e-01  -4.9597207e-01  -4.9286898e-01  -8.5784736e-02  -9.0317051e-01  -8.1243389e-01  -3.9387279e-01   6.3140303e-01  -2.9011142e-01   7.4164830e-02  -6.2872239e-01   8.8880832e-01
  -4.9340373e-01  -7.0035364e-01  -6.6801080e-01  -4.9965366e-01  -4.6339977e-01  -5.2351815e-02  -8.8407240e-01  -8.1664385e-01  -6.4417660e-01   6.2511114e-01  -2.7292866e-01   7.3499151e-02  -7.4162032e-01   1.8902199e-02
  -4.8347310e-01  -5.1278799e-01  -6.5979602e-01  -4.8992745e-01  -4.9044960e-01  -6.7293247e-02  -9.6428448e-01  -7.4086457e-01  -3.5406069e-01   6.7125163e-01  -2.5899737e-01   7.5522431e-02  -6.6804060e-01   6.1368031e-02
  -4.4692837e-01  -4.5308284e-01  -6.5145863e-01  -4.5469373e-01  -4.6893123e-01  -8.0592295e-02  -8.9171164e-01  -7.1349984e-01  -2.4263936e-01   6.1252738e-01  -1.9713098e-01   7.4704547e-02  -5.0334697e-01   2.5568138e-01
  -4.5123165e-01  -5.1145084e-01  -6.4379598e-01  -4.5858869e-01  -4.2092856e-01  -1.0769627e-02  -8.8407240e-01  -7.3665461e-01  -3.4604571e-01   5.9994361e-01  -2.1646355e-01   7.7897357e-02  -5.1209859e-01  -4.0961665e-01
  -4.8896805e-01  -5.2972079e-01  -6.3533225e-01  -4.9453135e-01  -4.1397428e-01  -1.3010575e-02  -8.6879391e-01  -7.1981478e-01  -4.3131982e-01   5.9994361e-01  -4.2614927e-01   7.7287661e-02  -5.5035430e-01   1.5914248e+00
  -4.8056012e-01  -2.8026135e-01  -6.2448624e-01  -4.8624942e-01  -3.7892323e-01   3.7659384e-02  -8.6497428e-01  -7.3244465e-01  -8.1551454e-02   5.7477607e-01  -4.2077630e-01   7.7351517e-02  -2.9724170e-01   5.2077112e-01
  -5.2240118e-01  -2.6994950e-01  -6.1278480e-01  -5.2615012e-01  -3.5662364e-01   4.4983459e-02  -8.6592919e-01  -6.3140562e-01   1.6730565e-02   5.9994361e-01  -4.5063783e-01   7.8602399e-02  -4.4850601e-02  -4.3149298e-01
  -4.7321145e-01  -2.6872568e-01  -6.0507756e-01  -4.7874803e-01  -3.4796742e-01   1.7230894e-02  -8.3346240e-01  -5.3668153e-01   1.4247374e-01   5.3702477e-01   5.3981697e-01   7.9603980e-02   2.5165717e-02  -4.8296672e-01
  -4.7678647e-01  -2.2215883e-01  -5.9581800e-01  -4.8194881e-01  -3.2534701e-01   5.0417192e-02  -8.5447032e-01  -4.9879189e-01   1.3853194e-01   5.7477607e-01   1.0718465e-01   7.6206479e-02  -7.3626569e-02  -1.3937954e-01
  -5.0220890e-01  -1.7246444e-01  -5.8611187e-01  -5.0611994e-01  -3.3910365e-01   5.9776917e-02  -8.6210957e-01  -5.9983093e-01   1.3918891e-01   5.8945714e-01   1.2978735e+00   7.2219403e-02  -1.0494996e-01   5.2360127e-02
  -5.0088481e-01  -3.8594733e-01  -5.7741791e-01  -5.0462602e-01  -2.7286115e-01   1.2697604e-01  -7.9049164e-01  -6.5666538e-01   9.5039459e-03   5.0766264e-01  -1.3625634e-01   6.9407106e-02  -3.1405802e-01   1.1989376e+00
  -4.8373792e-01  -6.0446150e-01  -5.6926038e-01  -4.8794375e-01  -3.1179596e-01   1.2262878e-01  -8.4301145e-01  -7.4086457e-01  -4.5339385e-01   5.8316525e-01  -3.5607656e-01   6.8354790e-02  -5.9371580e-01  -2.1401645e-01
  -4.0545143e-01  -3.3588709e-01  -5.6115240e-01  -4.1253109e-01  -2.6711741e-01   1.1262250e-01  -7.6948371e-01  -6.1246080e-01  -1.4409456e-01   5.1185723e-01  -3.4925647e-01   6.9812111e-02  -4.6716129e-01  -5.4602204e-01
  -4.3352202e-01  -4.2703610e-01  -5.5197307e-01  -4.3925082e-01  -2.6347998e-01   1.3836608e-01  -8.1531919e-01  -5.9562097e-01  -2.6497618e-01   5.2653829e-01  -3.2168793e-01   6.7372454e-02  -4.8518032e-01  -1.5482166e-01
  -4.2018187e-01  -3.9471160e-01  -5.4233781e-01  -4.2619404e-01  -2.2073312e-01   1.8990256e-01  -7.8571711e-01  -6.3140562e-01  -2.5275663e-01   5.2653829e-01  -3.3441475e-01   6.9344124e-02  -4.8289828e-01   2.4049573e-02
  -3.9409740e-01  -4.6673593e-01  -5.3509530e-01  -4.0088396e-01  -2.4012612e-01   1.7008196e-01  -8.1627409e-01  -5.9141101e-01  -3.2581118e-01   5.5380313e-01  -2.4037184e-01   7.0801445e-02  -6.1823508e-01  -1.3680585e-01
  -3.7827459e-01  -4.6623086e-01  -5.2815170e-01  -3.8546763e-01  -2.7442649e-01   6.0531917e-01  -1.4178647e+00  -8.9031814e-01  -6.6178465e-02   1.3235103e+00  -1.7763679e-01   7.0309840e-02  -7.4419754e-01   4.0624206e-01
  -3.6900600e-01  -6.1630475e-01  -5.2188833e-01  -3.7634957e-01  -2.6343339e-01   6.6575278e-01  -1.4703845e+00  -8.9031814e-01  -2.1688632e-01   1.4074021e+00  -3.6799118e-01   7.2062824e-02  -7.5200987e-01  -2.9508758e-01
  -3.1928663e-01  -5.5833497e-01  -5.1505592e-01  -3.2832865e-01  -2.7138160e-01   6.3926000e-01  -1.4560609e+00  -8.8610818e-01  -1.7484054e-01   1.3759426e+00  -4.1858973e-01   7.2290257e-02  -6.6906408e-01  -3.9803506e-01
  -3.2001488e-01  -4.3004062e-01  -5.0771928e-01  -3.2881267e-01  -3.2477252e-01   5.7683073e-01  -1.5209945e+00  -8.1874883e-01   1.9463679e-01   1.4954884e+00  -3.5217895e-01   7.2771365e-02  -5.4420153e-01  -3.4141395e-01
  -2.3828577e-01  -3.3015972e-01  -4.9915854e-01  -2.4996451e-01  -2.0368318e-01   6.7120651e-01  -1.4302785e+00  -7.2191975e-01   2.8634915e-01   1.3318995e+00  -1.2030603e-01   7.7392630e-02  -2.3440390e-01  -4.8296672e-01
  -2.0018524e-01  -3.1212288e-01  -4.8993035e-01  -2.1306592e-01  -1.9563317e-01   7.0727098e-01  -1.4398275e+00  -7.6401935e-01   3.3522738e-01   1.3298022e+00  -1.3102777e-01   7.2898203e-02  -3.8910533e-01  -3.8130609e-01
  -1.8538860e-01  -3.6327420e-01  -4.8059001e-01  -1.9858250e-01  -2.2692317e-01   6.8645723e-01  -1.4952120e+00  -7.2612971e-01   1.5245961e-01   1.4199858e+00   6.5321247e-01   7.3470285e-02  -3.3074196e-01  -6.6441163e-01
  -1.7516005e-01  -3.4198354e-01  -4.7145650e-01  -1.8848977e-01  -2.0822264e-01   7.1049576e-01  -1.4493766e+00  -8.0822393e-01   2.8385268e-01   1.3759426e+00   1.0666658e-01   7.6393674e-02  -3.2940466e-01  -4.2505877e-01
  -3.0885947e-01  -5.3365128e-01  -4.6396986e-01  -3.1696363e-01  -2.1008051e-01   7.0741763e-01  -1.4302785e+00  -8.5032352e-01  -1.2372863e-01   1.3277049e+00   2.6732306e+00   7.4532222e-02  -5.8914464e-01  -3.6200344e-01
  -3.0415897e-01  -6.2842320e-01  -4.5717130e-01  -3.1221626e-01  -2.1794079e-01   7.3278527e-01  -1.4321883e+00  -9.4925757e-01  -3.1595670e-01   1.3360940e+00  -2.2992691e-01   7.1586089e-02  -7.4544296e-01  -2.8607968e-01
  -4.6553176e-01  -1.7493799e-01  -4.4849730e-01  -4.6741921e-01  -1.8995555e-01   7.2435205e-01  -1.4436471e+00  -7.7664923e-01   4.5781711e-01   1.3549697e+00   1.1622866e-02   7.5341359e-02  -3.6043385e-01  -2.1401645e-01
  -4.1839435e-01  -1.6852748e-01  -4.3979233e-01  -4.2181322e-01  -1.8118656e-01   7.0712568e-01  -1.4130902e+00  -7.5770441e-01   4.5045910e-01   1.3025373e+00   1.9066190e-01   7.6363933e-02  -1.9905071e-01  -6.1036421e-01
  -3.4894613e-01  -8.0526440e-04  -4.3032208e-01  -3.5469368e-01  -1.9680325e-01   7.0920398e-01  -1.4598805e+00  -7.3033967e-01   8.3136762e-01   1.3780399e+00   6.7738917e-01   7.7711037e-02  -9.2805334e-02  -6.1422474e-01
  -3.6069737e-01  -1.5630543e-01  -4.2144605e-01  -3.6579995e-01  -1.5827948e-01   7.3752179e-01  -1.4245490e+00  -7.1349984e-01   6.3848259e-01   1.3193157e+00   6.4899485e-01   7.3535890e-02  -9.1990817e-02  -6.3610108e-01
  -4.5553492e-01  -1.0669521e-01  -4.1227732e-01  -4.5699958e-01  -6.7634311e-02   8.6727549e-01  -1.3815783e+00  -7.6191437e-01   6.1745970e-01   1.2563968e+00   1.1164976e+00   7.7185316e-02  -1.5794733e-01  -6.0779053e-01
  -4.6523384e-01  -3.6575747e-01  -4.0385914e-01  -4.6615352e-01  -1.1558786e-01   8.2759031e-01  -1.4111803e+00  -7.9769903e-01   1.1448701e-01   1.2878563e+00   1.7553717e-01   7.4598703e-02  -4.1724634e-01  -5.5116942e-01
  -4.8039460e-01  -5.5524304e-01  -3.9687302e-01  -4.8057872e-01  -1.4509060e-01   7.8558553e-01  -1.3987666e+00  -8.4190360e-01  -2.0965970e-01   1.2920509e+00   6.4805342e-01   7.3442293e-02  -5.9618512e-01  -3.8516662e-01
  -4.8456547e-01  -4.2490898e-01  -3.8793190e-01  -4.8441122e-01  -1.4402312e-01   8.1604696e-01  -1.4207294e+00  -8.6926834e-01   6.4163464e-02   1.3109265e+00  -9.1406134e-02   7.2219403e-02  -4.4880313e-01  -6.2323265e-01
  -4.9730978e-01  -2.9697724e-01  -3.7916638e-01  -4.9651161e-01  -4.3264046e-02   8.9942463e-01  -1.3710743e+00  -7.6612433e-01   2.3142685e-01   1.2501050e+00   6.0270606e-02   7.2213280e-02  -3.2863126e-01  -6.4639583e-01
  -5.5775424e-01  -4.2395388e-01  -3.7156951e-01  -5.5464746e-01  -1.2557379e-01   8.3123368e-01  -1.4350530e+00  -7.9769903e-01   8.6368894e-02   1.3256076e+00  -3.9390151e-02   7.3304958e-02  -4.1237330e-01  -5.4988257e-01
  -7.3220236e-01  -3.7677512e-01  -3.6403951e-01  -7.2282899e-01  -8.8284333e-02   8.2835151e-01  -1.3748939e+00  -7.6191437e-01   1.3301344e-01   1.2249374e+00   5.5843411e-02   7.2934068e-02  -3.8893608e-01  -5.2157202e-01
  -6.1161137e-01  -1.7760904e-01  -3.5560345e-01  -6.0627452e-01  -2.2017775e-02   8.8716940e-01  -1.3586605e+00  -6.7140024e-01   3.9895302e-01   1.1934780e+00   6.0168042e-01   7.4736912e-02  -1.9240895e-01  -5.6789838e-01
  -6.2842724e-01  -3.9777763e-01  -3.4869659e-01  -6.2234084e-01  -5.9616041e-02   8.6586506e-01  -1.3653449e+00  -7.5980939e-01   5.5491522e-02   1.2186455e+00   5.8290360e-01   7.5202275e-02  -2.1333492e-01  -2.0886908e-01
  -6.1548432e-01  -6.7053830e-01  -3.4284401e-01  -6.0967670e-01  -4.4452700e-02   9.2020906e-01  -1.3452919e+00  -8.8189822e-01  -2.5301942e-01   1.2165482e+00   3.9722589e-01   7.3819307e-02  -5.4623746e-01  -5.5889048e-01
  -4.8595576e-01  -4.3339157e-01  -3.3589545e-01  -4.8439946e-01  -8.3548421e-02   8.6791405e-01  -1.4150000e+00  -7.5770441e-01   1.6559892e-01   1.2836617e+00  -8.5438015e-03   7.5816344e-02  -4.1126503e-01  -7.1176837e-02
  -5.3405313e-01  -5.1437119e-01  -3.2827711e-01  -5.3067133e-01  -3.2729083e-02   9.0673537e-01  -1.3472017e+00  -7.9348907e-01   4.2089428e-02   1.1871861e+00   4.5848476e-02   7.4731664e-02  -4.1364812e-01  -4.3921404e-01
  -5.3219941e-01  -5.5570925e-01  -3.1925934e-01  -5.2869683e-01  -5.5595275e-02   9.0697933e-01  -1.3739390e+00  -8.3137871e-01  -3.2541838e-02   1.2312293e+00   1.8788631e-01   7.3369689e-02  -3.1593161e-01  -6.8371429e-01
  -6.1756975e-01  -5.8131891e-01  -3.1058589e-01  -6.1102085e-01  -1.8908431e-02   9.3954174e-01  -1.3309683e+00  -8.5663846e-01  -2.2555964e-02   1.1871861e+00  -2.7890247e-01   7.4981840e-02  -4.5397780e-01  -3.1953761e-01
  -6.0045596e-01  -7.2896782e-01  -3.0568218e-01  -5.9434087e-01  -3.6994083e-02   1.6498917e+00  -1.9459275e+00  -1.0629265e+00   9.1493224e-02   2.2442226e+00  -2.4875887e-01   7.4447372e-02  -6.7009021e-01  -3.0666918e-01
  -5.2365906e-01  -7.6575702e-01  -3.0070939e-01  -5.1996053e-01  -1.1832195e-01   1.6799732e+00  -2.0576515e+00  -1.1429157e+00  -4.2659104e-02   2.4979953e+00  -3.1106454e-01   7.1288677e-02  -7.4077130e-01  -6.8757482e-01
  -5.3537721e-01  -6.9834307e-01  -2.9604472e-01  -5.3114209e-01  -6.7338170e-02   1.6597233e+00  -2.0060866e+00  -1.0502966e+00   2.2433162e-01   2.3742549e+00   4.4758962e-02   7.2895579e-02  -6.6501531e-01  -7.1974590e-01
  -4.9469472e-01  -6.1518453e-01  -2.9045788e-01  -4.9165581e-01  -1.6201377e-01   1.6154762e+00  -2.1034870e+00  -1.0860813e+00   4.3377218e-01   2.5776925e+00  -1.5962949e-01   7.3721336e-02  -6.3225996e-01  -6.5797742e-01
  -5.1538353e-01  -6.1692961e-01  -2.8236132e-01  -5.1151594e-01  -1.3555921e-01   1.5817420e+00  -2.0519221e+00  -1.0524016e+00   2.9580945e-01   2.4518548e+00  -2.3404305e-01   7.4510354e-02  -4.7914533e-01  -6.4124845e-01
  -4.4477673e-01  -6.0730737e-01  -2.7440017e-01  -4.4305931e-01  -8.6794729e-02   1.6203048e+00  -2.0385534e+00  -9.7872729e-01   3.4389932e-01   2.4476602e+00  -8.3226632e-02   7.4452621e-02  -5.7391278e-01  -6.6698532e-01
  -4.6861025e-01  -5.4203350e-01  -2.6697573e-01  -4.6596302e-01  -1.5592990e-01   1.5936813e+00  -2.0843889e+00  -1.0713464e+00   5.6201182e-01   2.5483304e+00  -1.7014057e-01   7.3926900e-02  -5.8760703e-01  -7.1717221e-01
  -5.0234130e-01  -5.5079453e-01  -2.6132311e-01  -4.9845357e-01  -2.3070615e-01   1.4695680e+00  -2.1101713e+00  -1.0692414e+00   6.9169678e-01   2.6091519e+00  -3.3988925e-01   7.3515771e-02  -5.9316690e-01  -7.3390118e-01
  -4.6861025e-01  -6.5020274e-01  -2.5564201e-01  -4.6565856e-01  -2.3978990e-01   1.4308067e+00  -2.0996674e+00  -1.0587165e+00   7.5187481e-01   2.6007627e+00  -1.0745130e-01   7.4837507e-02  -6.0679968e-01  -7.2231959e-01
  -4.6470420e-01  -6.8881796e-01  -2.5098863e-01  -4.6172270e-01  -1.5608823e-01   1.5531243e+00  -2.0786594e+00  -1.0166169e+00   7.2336251e-01   2.5630114e+00  -2.6313564e-01   7.5392969e-02  -6.4302656e-01  -5.2285886e-01
  -4.8833911e-01  -6.1686486e-01  -2.4437599e-01  -4.8445082e-01  -1.6258626e-01   1.5471547e+00  -2.0977575e+00  -9.8714721e-01   6.3953373e-01   2.5483304e+00  -1.7263915e-01   7.6090139e-02  -6.2910732e-01  -5.5631679e-01
  -5.0489017e-01  -5.4624890e-01  -2.3756174e-01  -5.0032576e-01  -1.6564423e-01   1.5173664e+00  -2.0786594e+00  -9.8925219e-01   6.0997029e-01   2.5336493e+00  -2.8666785e-01   7.6375305e-02  -5.4248618e-01  -3.8387978e-01
  -5.0532049e-01  -6.1264299e-01  -2.3124691e-01  -5.0059161e-01  -1.1131588e-01   1.5940559e+00  -2.0557417e+00  -9.8083227e-01   5.4125171e-01   2.4329792e+00  -3.0133488e-01   7.3005796e-02  -5.4404266e-01  -3.9932190e-01
  -4.9436370e-01  -5.8865538e-01  -2.2589718e-01  -4.8982585e-01  -4.9619813e-02   1.6905647e+00  -1.9984474e+00  -1.0587165e+00   5.3047748e-01   2.3406982e+00  -2.5457176e-01   7.2751246e-02  -6.0444098e-01   7.8096995e-02
  -4.5020548e-01  -5.7222765e-01  -2.2057801e-01  -4.4689541e-01  -1.3871847e-01   1.6155536e+00  -2.0920281e+00  -1.0313518e+00   7.0693838e-01   2.5378439e+00  -1.4346549e-01   7.4692300e-02  -5.6502079e-01  -6.6312479e-01
  -4.4050656e-01  -6.6544227e-01  -2.1565916e-01  -4.3734123e-01  -1.7700096e-01   1.5421782e+00  -2.0920281e+00  -1.0418767e+00   4.4428363e-01   2.5483304e+00  -3.7640614e-01   7.2375982e-02  -6.7582926e-01  -6.6569848e-01
  -4.4636564e-01  -6.4686475e-01  -2.0990622e-01  -4.4285962e-01  -1.1593585e-01   1.6196089e+00  -2.0624260e+00  -1.0250368e+00   3.7766734e-01   2.4770223e+00  -2.7068693e-01   7.4778900e-02  -6.1091958e-01  -7.0945115e-01
  -4.8787568e-01  -5.4538769e-01  -2.0256284e-01  -4.8293517e-01  -1.0470052e-01   1.6401853e+00  -2.0595613e+00  -1.0271418e+00   4.4612313e-01   2.4854115e+00  -2.6439825e-01   7.6744446e-02  -5.3512667e-01  -6.0907737e-01
  -4.8287726e-01  -4.7599555e-01  -1.9629493e-01  -4.7793432e-01  -7.8681497e-02   1.6168947e+00  -2.0280494e+00  -9.6820239e-01   6.7829469e-01   2.4287846e+00  -1.9694247e-01   7.2462581e-02  -5.6993542e-01  -6.6055110e-01
  -4.6831233e-01  -4.9315499e-01  -1.9035290e-01  -4.6365617e-01  -2.1302290e-02   1.7287435e+00  -2.0280494e+00  -9.6188745e-01   4.9526414e-01   2.4057143e+00   1.8303492e-01   7.3455414e-02  -5.7504253e-01  -7.5449067e-01
  -4.6821303e-01  -4.3129682e-01  -1.8353577e-01  -4.6340249e-01  -9.0858208e-02   1.6145524e+00  -2.0433279e+00  -9.7241235e-01   6.3874538e-01   2.4224927e+00  -2.3856619e-01   7.2680392e-02  -5.1207893e-01  -6.8500113e-01
  -3.5586447e-01  -3.8038508e-01  -1.7631720e-01  -3.5427762e-01  -7.3230747e-03   1.7735704e+00  -2.0509672e+00  -9.3873268e-01   7.3177167e-01   2.4644386e+00  -8.7776423e-02   7.5662390e-02  -5.1620827e-01  -1.9214011e-01
  -3.4931025e-01  -5.3244688e-01  -1.7030017e-01  -3.4774546e-01  -9.6546512e-02   1.6229110e+00  -2.0547868e+00  -9.8083227e-01   4.8291319e-01   2.4896061e+00  -2.6267243e-01   7.4880370e-02  -5.1806033e-01  -7.0945115e-01
  -3.5669202e-01  -5.4296270e-01  -1.6354331e-01  -3.5472915e-01  -3.4441204e-02   1.6822248e+00  -2.0185004e+00  -9.4925757e-01   3.5940370e-01   2.3763522e+00  -3.1473526e-01   7.2387353e-02  -5.1442935e-01  -7.3132749e-01
  -3.6447101e-01  -2.8597253e-01  -1.5530666e-01  -3.6209400e-01   3.7016685e-02   2.9557373e-01  -4.6295898e-01  -3.9985784e-01   2.4087199e-03   1.9097115e-01  -8.3618188e-01   7.4123717e-02  -8.6779983e-02  -7.0430378e-01
  -4.2435273e-01   2.9094255e-02  -1.4694725e-01  -4.1998704e-01   7.3424970e-02  -3.5968700e-01   9.6557994e-01   3.6214485e-01  -2.4487304e-01  -7.9475735e-01  -1.0256580e+00   7.4264551e-02   2.3089222e-02  -4.7524566e-01
  -4.3295928e-01  -8.4747314e-02  -1.3937294e-01  -4.2812473e-01   6.0647239e-02  -3.8393883e-01   1.1288688e+00   9.9022372e-02  -4.2251648e-01  -8.6396808e-01  -1.0343326e+00   7.4596953e-02  -1.2322115e-01   8.8391742e-02
  -4.5325087e-01  -7.9021508e-03  -1.2983939e-01  -4.4761170e-01   1.3655934e-01  -3.2034576e-01   1.1479669e+00   9.9022372e-02  -4.3329071e-01  -8.7235725e-01  -1.1751451e+00   7.4490235e-02   8.8091423e-02  -6.2709318e-01
  -4.6758409e-01   1.6256882e-01  -1.2005935e-01  -4.6131978e-01   1.2375423e-01  -3.3668562e-01   1.1441473e+00   1.4322695e-01  -1.3424008e-01  -8.7864914e-01  -9.9396174e-01   7.3477283e-02   3.0563396e-01  -5.6789838e-01
  -4.7926913e-01  -1.0918171e-01  -1.1192963e-01  -4.7246471e-01   1.1320321e-01  -3.0617486e-01   1.1365081e+00  -1.4094533e-01  -5.6402682e-01  -8.7655184e-01  -1.1832751e+00   7.4495483e-02  -4.1071532e-01  -4.5594301e-01
  -4.9754150e-01  -1.9792193e-01  -1.0394646e-01  -4.9001244e-01   1.5283807e-01  -2.9424625e-01   1.1852083e+00  -6.7271033e-02  -7.0015004e-01  -8.9752479e-01  -1.2883142e+00   7.4668682e-02  -4.6080823e-01  -3.0023496e-01
  -5.2653895e-01  -9.2132349e-02  -9.3874959e-02  -5.1798993e-01   1.3273413e-01  -3.2632474e-01   1.1603807e+00   9.0602453e-02  -4.5299967e-01  -8.8913561e-01  -1.0573039e+00   7.2012964e-02  -7.0758819e-02  -5.6532469e-01
  -4.8936528e-01  -1.4040698e-02  -8.1857138e-02  -4.8165779e-01   2.0316948e-01  -2.7153282e-01   1.1546513e+00   1.7059169e-01  -3.0610222e-01  -8.8703832e-01  -1.0088099e+00   7.4315286e-02   3.0378540e-01  -2.9637443e-01
  -4.8986181e-01  -1.1722075e-01  -7.1687238e-02  -4.8193814e-01   1.4947279e-01  -2.8848457e-01   1.0858981e+00   8.6392493e-02  -2.5341359e-01  -8.5767619e-01  -1.1381426e+00   7.4362522e-02   2.8238246e-01  -3.8001925e-01
  -4.9254308e-01  -9.7837055e-02  -6.1652754e-02  -4.8434347e-01   7.8239833e-02  -3.5138976e-01   1.0677549e+00   1.0744229e-01  -2.4421608e-01  -8.3880054e-01  -1.1636461e+00   7.4128966e-02   2.3882725e-01  -5.2414571e-01
  -4.8982871e-01  -3.3922988e-02  -5.3191920e-02  -4.8149903e-01   1.2054505e-01  -3.3738817e-01   1.1365081e+00   1.4322695e-01  -1.7759979e-01  -8.8074643e-01  -1.2277714e+00   7.4161331e-02   2.9547875e-01  -5.2157202e-01
  -4.9979244e-01  -3.9080534e-02  -4.7406912e-02  -4.9098790e-01   1.4847330e-01  -3.0951962e-01   1.1470120e+00   1.0112735e-01  -2.5735539e-01  -8.7655184e-01  -1.3081338e+00   7.5517182e-02   1.0814237e-01  -4.7138513e-01
  -4.6440629e-01  -7.9280518e-03  -4.1522820e-02  -4.5635341e-01   1.2079996e-01  -3.2128693e-01   1.1030864e+00   9.6917392e-02  -1.8443223e-01  -8.5767619e-01  -1.3172850e+00   7.6919395e-02   1.5081878e-01  -4.5079563e-01
  -4.5527010e-01   1.1655885e-01  -3.4048013e-02  -4.4725498e-01   8.6268714e-02  -3.3757747e-01   9.8658787e-01   2.3795104e-01   2.2643253e-02  -8.0734112e-01  -1.2077187e+00   7.4839257e-02   3.0798925e-01  -3.0409549e-01
  -4.6573037e-01   7.5376185e-02  -2.3805176e-02  -4.5722424e-01   1.6060533e-01  -3.1776354e-01   1.1804337e+00   1.7269667e-01  -8.8252501e-02  -8.9962208e-01  -1.0639838e+00   7.7033986e-02   5.5361994e-01  -3.2339814e-01
  -5.1280157e-01   1.0087900e-01  -1.2766225e-02  -5.0285017e-01   1.8201389e-01  -2.6035074e-01   1.0534313e+00   1.7059169e-01  -6.8017968e-02  -8.4299513e-01  -9.6581367e-01   7.5771732e-02   5.4441169e-01  -5.1256412e-01
  -5.2769752e-01   1.0571602e-01   1.9344770e-04  -5.1715913e-01   9.6627643e-02  -3.4534813e-01   1.0553411e+00   2.1690124e-01  -7.6164338e-02  -8.4718972e-01  -8.9406781e-01   7.2780988e-02   5.6857383e-01  -5.7021560e-02
  -4.6285049e-01  -3.5078822e-02   9.7846677e-03  -4.5379525e-01   5.9085392e-02  -3.7503237e-01   1.1164550e+00   4.6397877e-02  -5.8426273e-02  -8.7864914e-01  -1.1334513e+00   7.3770321e-02   3.8034507e-01  -6.9889994e-02
  -4.7764713e-01  -3.1685629e-01   1.7283833e-02  -4.6800438e-01   2.6817583e-02  -3.9377714e-01   1.1049962e+00  -1.2541558e-02  -5.4129582e-01  -8.5767619e-01  -1.2217138e+00   7.2569300e-02  -1.3272772e-01  -1.0592161e-01
  -4.9025903e-01  -2.5746520e-01   2.4289092e-02  -4.8008648e-01   1.1940030e-01  -3.4803700e-01   1.2033515e+00   6.9552655e-02  -6.0909464e-01  -9.0801126e-01  -1.2919980e+00   7.1297424e-02  -3.5164631e-01  -2.9122705e-01
  -4.8830601e-01   4.8688395e-02   3.3015113e-02  -4.7798036e-01   7.5690329e-02  -3.5567303e-01   1.1078609e+00   3.3767998e-02  -3.2581118e-01  -8.5977349e-01  -1.3125844e+00   7.2092565e-02  -1.5141304e-01  -2.8736652e-01
  -5.0479086e-01  -8.4847681e-02   4.0472581e-02  -4.9384763e-01   6.3049145e-02  -3.8445475e-01   1.1193198e+00   1.4112197e-01  -2.6392504e-01  -8.7025996e-01  -1.0868113e+00   7.0986016e-02  -7.4119998e-03  -2.7707178e-01
  -4.5344949e-01  -5.2487562e-02   5.0597205e-02  -4.4358238e-01   1.0333948e-01  -3.2803377e-01   1.1431924e+00  -6.0956094e-02  -2.7010051e-01  -8.7445455e-01  -8.7614489e-01   7.1981473e-02   4.1745856e-02   3.5090779e-01
  -4.1270079e-01  -9.5357030e-02   6.5175666e-02  -4.0362695e-01   6.6364736e-02  -3.7328600e-01   1.1040413e+00   1.1165225e-01  -3.0833590e-01  -8.5557890e-01  -9.0431024e-01   7.5697379e-02   1.7200941e-01  -1.8055852e-01
  -4.8817360e-01  -1.2690774e-01   7.8374655e-02  -4.7703437e-01   9.6614143e-02  -3.6128939e-01   1.2043064e+00   1.0613220e-02  -3.7613473e-01  -9.1220585e-01  -9.6148418e-01   7.3360942e-02   6.3628150e-02  -2.8479284e-01
  -4.3067524e-01  -3.3103711e-01   8.9014104e-02  -4.2072411e-01   9.5609206e-02  -3.5042193e-01   1.1727945e+00  -1.0436578e-02  -4.7441674e-01  -8.9962208e-01  -9.3412390e-01   7.2296380e-02  -2.3220151e-02  -3.9803506e-01
  -4.5785207e-01  -2.0152541e-01   1.0091495e-01  -4.4703384e-01   1.4182164e-01  -2.8431729e-01   1.1517866e+00  -1.4094533e-01  -3.9978548e-01  -9.1010856e-01  -7.3452293e-01   7.0978143e-02  -2.3406313e-03  -2.8093231e-01
  -4.2945046e-01  -1.7304721e-01   1.1222955e-01  -4.1909742e-01   1.2740805e-01  -3.2504629e-01   1.1326884e+00   1.0533731e-01  -2.4079986e-01  -8.8494102e-01  -8.4190429e-01   7.2851842e-02   1.3259298e-01   1.8902199e-02
  -3.6284901e-01  -6.6827028e-02   1.2359300e-01  -3.5385503e-01   7.7296549e-02  -3.3574312e-01   1.0343332e+00   5.6922776e-02  -5.7376507e-03  -8.3880054e-01  -8.3421710e-01   7.2734626e-02   2.5183569e-01  -7.7611054e-02
  -3.7450095e-01   1.4235305e-01   1.3802160e-01  -3.6500278e-01   8.9517176e-02  -3.6826686e-01   1.1441473e+00   1.4743691e-01   2.3300219e-02  -8.7655184e-01  -7.8046761e-01   7.2889456e-02   3.6577634e-01  -4.9326147e-01
  -3.7741394e-01  -1.6650229e-02   1.5145096e-01  -3.6762209e-01   2.1875016e-02  -4.0455796e-01   1.0648901e+00   1.2428213e-01  -1.3108664e-01  -8.5348160e-01  -8.8612603e-01   7.2787111e-02   2.1323894e-01  -4.6623775e-01
  -3.7277964e-01   3.8739156e-02   1.6518652e-01  -3.6286719e-01   3.9545874e-02  -3.9645135e-01   1.1422375e+00   1.6928159e-02  -1.2806460e-01  -8.8284373e-01  -8.5697934e-01   7.3695094e-02   3.2228521e-01  -6.0135631e-01
  -3.2335819e-01  -1.1961660e-01   1.7548027e-01  -3.1434350e-01   1.9318790e-02  -4.1441893e-01   1.1231394e+00   5.4817796e-02  -2.1649214e-01  -8.7235725e-01  -1.0909453e+00   7.3339948e-02   1.3285725e-01  -5.0741674e-01
  -2.9704202e-01  -1.0380401e-01   1.8510521e-01  -2.8838212e-01   4.5897857e-02  -3.9764981e-01   1.1718396e+00   6.4032603e-03  -2.2660941e-01  -8.9542750e-01  -1.0230466e+00   7.2750372e-02   8.5941871e-02  -4.8425356e-01
  -2.5364515e-01   1.0851333e-01   1.9556204e-01  -2.4571113e-01   1.7677616e-01  -2.8180705e-01   1.0858981e+00   2.2111120e-01   4.9710226e-02  -8.5138431e-01  -8.8113997e-01   7.1241441e-02   2.5865957e-01  -3.8130609e-01
  -2.7744557e-01   8.8773500e-02   2.0759417e-01  -2.6873121e-01   1.5107184e-01  -3.0547099e-01   1.0839883e+00   2.2742614e-01  -1.2307304e-02  -8.5348160e-01  -7.6980314e-01   7.3191242e-02   2.4844215e-01  -5.8076681e-01
  -2.1018208e-01   1.6144212e-01   2.1938190e-01  -2.0269387e-01   1.4397931e-01  -3.1695568e-01   1.1489218e+00   1.2217715e-01  -3.9111491e-02  -8.8074643e-01  -8.5211119e-01   7.3996880e-02   2.5778133e-01  -5.6918522e-01
  -1.2501035e-01   1.3094040e-01   2.3135981e-01  -1.1911146e-01   2.1260892e-01  -2.4224052e-01   1.0992667e+00   1.4112197e-01  -3.2410445e-02  -8.6816266e-01  -8.8855309e-01   7.3750202e-02   3.1733306e-01  -4.8811409e-01
   8.6379725e-02   9.3581382e-02   2.4342566e-01   8.8008926e-02   2.6132086e-01  -2.0163816e-01   1.1412826e+00   7.5867594e-02  -1.5394904e-01  -8.7864914e-01  -9.2938343e-01   7.1893999e-02   2.8303736e-01  -5.4473520e-01
   6.7114297e-02   2.0896082e-01   2.5517389e-01   6.9476831e-02   2.6975789e-01  -1.8467841e-01   1.1097707e+00   8.0077554e-02  -1.0993374e-02  -8.7655184e-01  -1.1251083e+00   7.4728165e-02   3.7365941e-01  -3.9288768e-01
   8.6743848e-02   1.4847541e-01   2.6739511e-01   8.9011413e-02   2.6754124e-01  -1.9626708e-01   1.0792137e+00   2.1479626e-01  -2.3212929e-02  -8.5557890e-01  -9.6775231e-01   7.3228856e-02   3.9715676e-01  -5.8720103e-01
   1.0230184e-01   3.6284217e-01   2.8120883e-01   1.0456626e-01   2.3579642e-01  -2.1783005e-01   9.9995655e-01   3.3688509e-01   7.7670810e-01  -8.0734112e-01  -9.2324664e-01   7.5092932e-02   6.4328001e-01  -4.7009828e-01
   7.2609247e-02   4.6092295e-01   2.9847674e-01   7.5814026e-02   1.9834650e-01  -2.5670603e-01   1.0075958e+00   3.5372493e-01   3.5533052e-01  -8.2202218e-01  -8.2851064e-01   7.4771902e-02   6.1712911e-01  -5.3701414e-01
  -5.5992451e-02   5.4053629e-01   3.1499877e-01  -4.9831519e-02   2.3517897e-01  -2.3972628e-01   1.0209645e+00   4.4423906e-01   2.9738617e-01  -8.2831407e-01  -7.7353544e-01   7.4595204e-02   5.5245617e-01  -4.4822195e-01
  -3.1397583e-02   5.1424026e-01   3.3001031e-01  -2.5440776e-02   2.6105891e-01  -2.1044331e-01   1.0620254e+00   3.1162533e-01   2.3431749e-01  -8.4718972e-01  -8.6094481e-01   7.4523475e-02   4.9868611e-01  -4.5079563e-01
   5.7084357e-02   4.0824994e-01   3.4433941e-01   6.1566005e-02   2.7308673e-01  -2.0483894e-01   1.0391077e+00   4.0003449e-01   2.5074163e-01  -8.3460595e-01  -9.9766862e-01   7.6234471e-02   7.4525191e-01  -5.4216151e-01
   4.5101394e-02   4.2464854e-01   3.5750207e-01   5.0135943e-02   2.7513080e-01  -1.7372029e-01   9.6844466e-01   3.4951497e-01   2.2052122e-01  -7.9685465e-01  -1.1031355e+00   7.7536963e-02   6.0829341e-01  -6.4510898e-01
   6.1155917e-02   6.3840663e-01   3.7182016e-01   6.6189339e-02   2.0655434e-01  -2.5442909e-01   9.4552692e-01   5.2843825e-01   4.0079252e-01  -7.9475735e-01  -1.0353017e+00   7.8712617e-02   8.4549876e-01  -4.7781934e-01
   7.4793986e-02   6.6439185e-01   3.8908573e-01   7.9881383e-02   2.7993016e-01  -2.2630726e-01   6.0367068e-01   1.5598784e+00   4.5532064e-01  -6.3116837e-01  -4.3312586e-01   7.9275951e-02   1.0040131e+00  -6.5283004e-01
   3.1860550e-02   6.3608201e-01   4.0523427e-01   3.8099198e-02   2.3567205e-01  -2.9743370e-01   5.2441351e-01   1.9745594e+00   4.6307284e-01  -6.1439001e-01   2.5030654e-01   8.3269151e-02   1.0167721e+00  -7.2875380e-01
  -7.2344893e-02   9.5549370e-01   4.3214955e-01  -6.3807201e-02   2.3923763e-01  -3.0948763e-01   4.1459935e-01   2.3345109e+00   6.4360692e-01  -5.2630363e-01   1.1043335e+00   7.9719446e-02   9.1865121e-01  -8.4843024e-01
  -7.6747474e-02   5.2593134e-01   4.5414901e-01  -6.7828748e-02   2.6795146e-01  -2.9313177e-01   7.2494371e-01   1.7177518e+00   2.1329460e-01  -6.9198991e-01   2.4423824e+00   8.6244150e-02   1.1923778e+00  -7.1717221e-01
   2.2825537e-01   1.0757814e+00   4.7092494e-01   2.3178826e-01   3.2472596e-01  -1.6649620e-01   6.7815333e-01   1.2546563e+00   9.5632243e-01  -6.6891967e-01   5.8221440e-01   1.0214323e+00   1.6184838e+00  -8.2398021e-01
   7.0237689e-01   1.2164273e+00   4.9149869e-01   6.9754427e-01   3.3553422e-01  -1.9242641e-01   6.4568653e-01   1.5809282e+00   1.2260724e+00  -6.5843320e-01   8.1834056e-01   1.1153805e+00   1.6474069e+00  -8.3556180e-01
   8.4329257e-01   1.3371618e+00   5.1850906e-01   8.3635401e-01   4.2930437e-01  -1.1713802e-01   5.9221181e-01   1.7535365e+00   1.3060908e+00  -6.1019542e-01   8.3848722e-01   1.1928600e+00   1.5708972e+00  -7.7379332e-01
   8.2505331e-01   1.4437705e+00   5.4885940e-01   8.1893318e-01   4.9346665e-01  -7.9061892e-02   6.2563351e-01   1.8082660e+00   1.2841482e+00  -6.3955754e-01   1.0795816e+00   1.1928853e+00   1.7677117e+00  -8.0467756e-01
   7.9423525e-01   1.3200509e+00   5.7586372e-01   7.8915026e-01   6.0474526e-01   2.0894265e-02   7.2685352e-01   1.5682983e+00   1.3013606e+00  -7.0247639e-01   5.9448499e-01   1.1928967e+00   1.6535672e+00  -7.8151438e-01
   8.2257065e-01   1.3055172e+00   6.0036547e-01   8.1745921e-01   5.7183653e-01   5.2959422e-02   7.0298088e-01   1.2209766e+00   1.3288218e+00  -6.8989262e-01   5.8406676e-01   1.1935676e+00   1.6259369e+00  -7.0687747e-01
   9.0492870e-01   1.2301354e+00   6.2842572e-01   8.9886457e-01   5.9015015e-01   7.2100132e-02   7.0871031e-01   1.1915069e+00   1.2731111e+00  -6.7311426e-01   1.1300615e-01   1.1927646e+00   1.5767254e+00  -7.8923544e-01
   1.1309499e+00   1.5780091e+00   6.5847000e-01   1.1215109e+00   6.6875498e-01   1.1084414e-01   7.0871031e-01   1.3914800e+00   1.5315613e+00  -6.7101697e-01  -1.5030944e-02   1.1939683e+00   1.7023121e+00  -6.0006947e-01
   1.2187036e+00   1.9283629e+00   6.9020738e-01   1.2083267e+00   6.2340302e-01   4.7804307e-02   5.3969200e-01   1.9114100e+00   1.9955103e+00  -5.9761165e-01   5.1042055e-01   1.1933175e+00   1.7154065e+00  -8.1239862e-01
   1.1745785e+00   1.5847531e+00   7.2289748e-01   1.1655051e+00   6.0526905e-01   2.0720961e-02   5.0818011e-01   2.0545486e+00   1.4702007e+00  -5.9551436e-01   1.0618382e+00   1.1937137e+00   1.5670704e+00  -8.4585655e-01
   1.1422046e+00   1.8650057e+00   7.5868273e-01   1.1342165e+00   6.0766331e-01   5.4569811e-02   5.0722521e-01   1.8482606e+00   1.8323201e+00  -5.8712518e-01   1.0680535e+00   1.1945298e+00   1.6716111e+00  -7.6092489e-01
   7.0671327e-01   1.9649125e+00   7.9337145e-01   7.0637083e-01   5.9529232e-01   3.3590750e-02   5.8552747e-01   1.7409066e+00   1.6979049e+00  -6.1858460e-01   1.0029084e+00   1.1934242e+00   1.6310268e+00  -7.0559062e-01
   8.4776136e-01   1.3671099e+00   8.2044788e-01   8.4561291e-01   7.1028139e-01   1.2231417e-01   8.6722466e-01   1.2020318e+00   1.3037257e+00  -7.5910334e-01   4.3068449e-01   1.1928871e+00   1.5760913e+00  -7.2103274e-01
   7.6656188e-01   8.4699422e-01   8.4027505e-01   7.6618744e-01   6.9871905e-01   1.6269123e-01   8.9969145e-01   8.1471551e-01   5.5754446e-01  -7.8217358e-01   1.9745967e-01   1.1929754e+00   1.4171941e+00  -7.9180913e-01
   9.2290315e-01   8.2797961e-01   8.5886932e-01   9.2054585e-01   7.3007667e-01   2.0346289e-01   9.4839164e-01   6.3158226e-01   7.1547893e-01  -7.7588170e-01  -1.1663111e-01   1.1933708e+00   1.1719874e+00  -6.5797742e-01
   1.0230701e+00   1.0259575e+00   8.8083121e-01   1.0196620e+00   7.4475770e-01   2.2026267e-01   9.1019541e-01   6.9473166e-01   8.0903080e-01  -7.6329793e-01  -1.3065668e-01   1.1941607e+00   1.3258394e+00  -8.1239862e-01
   9.7851469e-01   1.3472664e+00   9.0750098e-01   9.7630830e-01   7.6402802e-01   2.1785109e-01   8.8536786e-01   8.6734000e-01   1.1113663e+00  -7.6958981e-01  -1.9310665e-01   1.1940444e+00   1.5614488e+00  -7.2618012e-01
   9.0155229e-01   1.4662526e+00   9.3430107e-01   9.0101403e-01   8.3826256e-01   2.8770842e-01   8.1184013e-01   1.0104786e+00   1.2731111e+00  -7.1506015e-01  -2.6753221e-01   1.1939140e+00   1.5462078e+00  -7.4548277e-01
   9.7738922e-01   1.9217484e+00   9.6881240e-01   9.7622129e-01   7.8355622e-01   2.2655492e-01   7.1348484e-01   1.2988609e+00   1.7431042e+00  -6.6262779e-01  -1.9928435e-01   1.1940566e+00   1.7188761e+00  -7.6735910e-01
   8.2310029e-01   2.0721946e+00   1.0075590e+00   8.2470155e-01   8.0501849e-01   2.3200599e-01   7.0107106e-01   1.4083198e+00   1.7173511e+00  -6.7311426e-01  -2.6521352e-01   1.1938493e+00   1.5632917e+00  -7.4934330e-01
   9.8245385e-01   1.4580873e+00   1.0338532e+00   9.8223672e-01   8.4371586e-01   2.9188236e-01   8.2902843e-01   9.7679895e-01   1.1513098e+00  -7.5490875e-01  -2.2357537e-01   1.1940059e+00   1.4737307e+00  -7.7636701e-01
   1.0323387e+00   1.3349408e+00   1.0561457e+00   1.0319290e+00   8.8952142e-01   3.1256814e-01   8.4717164e-01   1.0546832e+00   1.0182086e+00  -7.6958981e-01  -3.3058852e-01   1.1935274e+00   1.4237575e+00  -7.4934330e-01
   1.3824597e+00   2.1281311e+00   1.0909766e+00   1.3776752e+00   8.8254328e-01   2.9878118e-01   6.7910823e-01   1.4693642e+00   1.8239109e+00  -6.5633590e-01  -1.0107308e-01   1.1939079e+00   1.6589375e+00  -6.8757482e-01
   1.6443967e+00   2.4003964e+00   1.1343832e+00   1.6366009e+00   8.7796607e-01   2.7160318e-01   4.7857804e-01   2.0482337e+00   2.1282173e+00  -5.7663870e-01   2.1339263e-02   1.1945526e+00   1.5851203e+00  -7.9824335e-01
   1.6567438e+00   2.7625578e+00   1.1829466e+00   1.6494466e+00   9.4456743e-01   2.5974789e-01   3.9645615e-01   2.6523629e+00   2.2869401e+00  -5.2001175e-01   4.3612498e-01   1.1953836e+00   1.5463196e+00  -7.7636701e-01
   1.7305615e+00   2.5090092e+00   1.2304071e+00   1.7229455e+00   1.0157043e+00   3.0989127e-01   2.8855180e-01   2.9554800e+00   2.2521209e+00  -4.8435774e-01   4.3345729e+00   1.1950529e+00   1.4661184e+00  -8.3298812e-01
   1.8605866e+00   2.3627978e+00   1.2730809e+00   1.8519457e+00   9.5548697e-01   2.6465638e-01   3.6016973e-01   2.7597169e+00   2.1521308e+00  -4.7806585e-01   5.1987031e+00   1.1953600e+00   1.5308983e+00  -8.3556180e-01
   2.2291455e+00   2.1242007e+00   1.3073157e+00   2.2164596e+00   1.0632720e+00   3.3333124e-01   4.6711917e-01   2.6649928e+00   1.9696258e+00  -5.7034682e-01   3.5814549e+00   1.1952436e+00   1.6243052e+00  -8.2655390e-01
   2.2899210e+00   2.3273652e+00   1.3445427e+00   2.2772397e+00   1.0590052e+00   4.0686927e-01   3.5253048e-01   2.4629147e+00   2.1320277e+00  -5.1371986e-01   3.5094600e+00   1.1955752e+00   1.5649679e+00  -7.8408807e-01
   2.7968136e+00   2.4593537e+00   1.3837059e+00   2.7785884e+00   1.0954982e+00   4.1181109e-01   3.2292841e-01   2.6818326e+00   2.2023230e+00  -5.0742798e-01   3.7494232e+00   1.1953976e+00   1.5046854e+00  -8.3298812e-01
   2.6635776e+00   2.2050216e+00   1.4227382e+00   2.6479077e+00   1.1599032e+00   4.0699592e-01   3.5921482e-01   2.9512700e+00   1.8881621e+00  -5.3679011e-01   5.1722703e+00   1.1955349e+00   1.5361357e+00  -8.3298812e-01
   2.3005468e+00   2.1929776e+00   1.4631657e+00   2.2901480e+00   1.2573929e+00   4.9966932e-01   3.7353841e-01   2.8607559e+00   1.9738304e+00  -5.0323339e-01   4.1926481e+00   1.1954737e+00   1.5077963e+00  -7.9566966e-01
   2.7034326e+00   2.0142345e+00   1.4988454e+00   2.6890588e+00   1.2699643e+00   5.3203043e-01   3.6303445e-01   2.7618218e+00   1.8893447e+00  -5.0533069e-01   2.4696874e+00   1.1955769e+00   1.5437847e+00  -7.7894070e-01
   3.1138656e+00   2.2103184e+00   1.5319155e+00   3.0955900e+00   1.2818989e+00   5.8682768e-01   3.3916180e-01   2.5702687e+00   1.9693630e+00  -4.8226044e-01   2.7521424e+00   1.1957973e+00   1.5523543e+00  -8.0467756e-01
   3.0293228e+00   1.8939112e+00   1.5606623e+00   3.0129974e+00   1.3610164e+00   6.2464252e-01   5.5974502e-01   2.2482068e+00   1.7143291e+00  -6.4794672e-01   2.3463026e+00   1.1956093e+00   1.6660596e+00  -8.5486445e-01
   2.7618909e+00   2.2980549e+00   1.5930125e+00   2.7495054e+00   1.2925279e+00   6.5157655e-01   3.6780897e-01   2.2145271e+00   2.0458338e+00  -5.3049822e-01   2.0002303e+00   1.1962513e+00   1.6061450e+00  -8.1239862e-01
   2.0057394e+00   2.5295973e+00   1.6308330e+00   2.0025859e+00   1.3921441e+00   6.6807372e-01   4.6138973e-01   2.3766105e+00   2.1668468e+00  -5.9761165e-01   2.0702787e+00   1.1960309e+00   1.6341897e+00  -8.5100392e-01
   1.9210973e+00   2.5268356e+00   1.6676594e+00   1.9195973e+00   1.4629739e+00   7.4196369e-01   5.0913502e-01   2.2061072e+00   2.1221732e+00  -6.1019542e-01   1.8670013e+00   1.1960344e+00   1.6094120e+00  -8.4199602e-01
   1.8823016e+00   2.2940532e+00   1.7024088e+00   1.8819238e+00   1.4313374e+00   7.6637549e-01   5.0627030e-01   1.9492996e+00   2.0273074e+00  -6.2277919e-01   1.9916463e+00   1.1964132e+00   1.6026413e+00  -8.0210388e-01
   1.9630377e+00   1.7697934e+00   1.7291826e+00   1.9625271e+00   1.4250219e+00   7.5743570e-01   6.1703936e-01   1.7219618e+00   1.6516546e+00  -6.7101697e-01   1.7943161e+00   1.1959601e+00   1.4888875e+00  -8.3813549e-01
   2.3375549e+00   1.5795243e+00   1.7531475e+00   2.3339618e+00   1.5667479e+00   8.8413792e-01   7.9656163e-01   1.3178057e+00   1.4634997e+00  -7.3183851e-01   1.7885414e+00   1.1960152e+00   1.6210764e+00  -8.3813549e-01
   2.0018664e+00   1.6508850e+00   1.7750761e+00   2.0024061e+00   1.4895798e+00   8.9612520e-01   7.3640258e-01   1.0673131e+00   1.3825616e+00  -7.1925474e-01   9.7009781e-01   1.1960169e+00   1.5284544e+00  -8.5486445e-01
   1.8381765e+00   1.5420391e+00   1.7992651e+00   1.8410416e+00   1.5718195e+00   9.2590941e-01   8.0611069e-01   1.1199376e+00   1.2598404e+00  -7.4651957e-01   4.7011119e-01   1.1957396e+00   1.6347832e+00  -8.1239862e-01
   1.7879606e+00   1.3982332e+00   1.8222755e+00   1.7919965e+00   1.5643737e+00   9.3141513e-01   8.2043428e-01   1.0315284e+00   1.1566969e+00  -7.3393581e-01   8.8546329e-01   1.1955087e+00   1.6516864e+00  -7.0559062e-01
   2.0438730e+00   1.3502321e+00   1.8449199e+00   2.0462034e+00   1.6567283e+00   1.0123079e+00   8.8059334e-01   9.0733462e-01   1.0892922e+00  -7.7797899e-01   7.6337781e-01   1.1958813e+00   1.5281085e+00  -7.6735910e-01
   1.9928627e+00   9.4503291e-01   1.8586774e+00   1.9963878e+00   1.6875957e+00   1.0758117e+00   8.3189315e-01   8.5471012e-01   9.7169542e-01  -7.5071416e-01   4.5229535e-01   1.1955104e+00   1.3243281e+00  -7.5063014e-01
   2.0001782e+00   1.4789635e+00   1.8816799e+00   2.0043589e+00   1.6886901e+00   1.0668132e+00   8.3189315e-01   8.9891470e-01   1.2854621e+00  -7.6120064e-01   3.6174762e-02   1.1954466e+00   1.4615779e+00  -7.2618012e-01
   2.2004460e+00   1.0857954e+00   1.8997928e+00   2.2036047e+00   1.6642098e+00   1.0461341e+00   9.2165428e-01   6.9473166e-01   8.1126448e-01  -8.0314653e-01  -7.1469070e-03   1.1952638e+00   1.1740052e+00  -7.3904855e-01
   2.6059468e+00   1.2707029e+00   1.9204262e+00   2.6064275e+00   1.7121839e+00   1.0662013e+00   9.3406806e-01   7.7051093e-01   1.0408082e+00  -8.0524382e-01   1.2222548e-02   1.1952935e+00   1.3773496e+00  -8.2269337e-01
   2.4019716e+00   1.4252707e+00   1.9402520e+00   2.4049987e+00   1.8638089e+00   1.1874978e+00   8.4621673e-01   1.0273185e+00   1.1789023e+00  -7.4651957e-01   7.1619809e-01   1.1954824e+00   1.4561398e+00  -8.3556180e-01
   2.0503941e+00   1.3272773e+00   1.9614953e+00   2.0570663e+00   1.8165159e+00   1.1939873e+00   7.9083220e-01   9.3890932e-01   1.1757489e+00  -7.4651957e-01   1.8626306e-01   1.1952200e+00   1.5069205e+00  -7.7765385e-01
   2.2078278e+00   1.2324341e+00   1.9826189e+00   2.2139974e+00   1.9133291e+00   1.2346670e+00   8.0611069e-01   1.1030977e+00   1.1334403e+00  -7.2764392e-01   1.3447209e-01   1.1952839e+00   1.5407663e+00  -7.9309597e-01
   1.9260626e+00   1.6581016e+00   2.0043258e+00   1.9351635e+00   2.0073423e+00   1.2871300e+00   7.0584559e-01   1.4567344e+00   1.3208068e+00  -6.8779532e-01   9.7616825e-01   1.1951772e+00   1.5634146e+00  -7.8022754e-01
   1.5661765e+00   1.5686589e+00   2.0279470e+00   1.5786761e+00   2.0687633e+00   1.3475876e+00   7.8892239e-01   1.2483413e+00   1.3021490e+00  -7.2135204e-01   5.9092370e-01   1.1948106e+00   1.5061105e+00  -8.1625915e-01
   1.7429417e+00   1.0291174e+00   2.0447654e+00   1.7547893e+00   2.0572027e+00   1.4198352e+00   8.9205220e-01   6.8420676e-01   8.2992230e-01  -7.7797899e-01   1.2671163e-01   1.1949436e+00   1.4071976e+00  -8.0725125e-01
   1.2686547e+00   9.8505327e-01   2.0629241e+00   1.2845083e+00   2.0549909e+00   1.4115126e+00   8.7963843e-01   7.3683126e-01   8.4963126e-01  -7.7797899e-01   1.0603472e-01   1.1951509e+00   1.3415035e+00  -7.8022754e-01
   8.3001863e-01   1.2275032e+00   2.0809385e+00   8.4944556e-01   2.1582891e+00   1.4472732e+00   9.4170730e-01   8.2945037e-01   1.0379175e+00  -8.1153571e-01  -5.8950664e-02   1.1947468e+00   1.4548142e+00  -8.0596441e-01
   1.1277059e+00   1.2678376e+00   2.1004595e+00   1.1456392e+00   2.1097424e+00   1.4483796e+00   8.4717164e-01   8.5892008e-01   1.1376449e+00  -7.4651957e-01   2.4759092e-02   1.1949541e+00   1.3821628e+00  -7.2489327e-01
   1.0178069e+00   1.0425180e+00   2.1165064e+00   1.0369869e+00   2.2070325e+00   1.5152228e+00   8.3475786e-01   9.6837903e-01   8.7985167e-01  -7.4442228e-01  -7.2148974e-02   1.1950608e+00   1.3478663e+00  -7.6735910e-01
   1.2221793e+00   5.9805280e-01   2.1279755e+00   1.2406080e+00   2.1614888e+00   1.4945624e+00   9.1974447e-01   7.0104660e-01   5.0157101e-01  -8.0524382e-01  -2.0380503e-01   1.1946077e+00   1.2242460e+00  -7.4419592e-01
   1.4351252e+00   9.4921593e-01   2.1432010e+00   1.4528328e+00   2.2223119e+00   1.5685736e+00   8.5672069e-01   7.6630097e-01   7.6461994e-01  -7.5700605e-01  -3.6492206e-01   1.1943986e+00   1.3283655e+00  -6.8628797e-01
   1.3453192e+00   1.1388860e+00   2.1610317e+00   1.3641600e+00   2.2517829e+00   1.5115448e+00   9.3884258e-01   9.1154458e-01   7.6803616e-01  -8.0734112e-01  -2.9016727e-01   1.1945946e+00   1.4378042e+00  -7.9438282e-01
   1.2145327e+00   8.9640694e-01   2.1759240e+00   1.2346820e+00   2.2869225e+00   1.6665715e+00   8.7486390e-01   5.7895777e-01   6.1837945e-01  -7.5700605e-01  -4.3765758e-01   1.1937697e+00   1.2901315e+00  -7.4934330e-01
   1.3933834e+00   1.0761731e+00   2.1945289e+00   1.4131323e+00   2.3732247e+00   1.6572184e+00   8.6531484e-01   9.2838442e-01   7.7552557e-01  -7.6749252e-01  -5.1994640e-01   1.1944327e+00   1.3292500e+00  -7.3647486e-01
   1.3129784e+00   8.0680875e-01   2.2091936e+00   1.3337400e+00   2.4002557e+00   1.6943160e+00   8.8441296e-01   8.3787029e-01   5.4611326e-01  -7.6329793e-01  -4.5501955e-01   1.1939420e+00   1.1851840e+00  -7.4162224e-01
   1.5749154e+00   8.0862830e-01   2.2239755e+00   1.5949464e+00   2.2849656e+00   1.6693283e+00   7.8414786e-01   7.6209101e-01   7.3216585e-01  -7.1715745e-01  -3.9201536e-01   1.1941275e+00   1.1549390e+00  -7.3647486e-01
   1.6008675e+00   9.0878116e-01   2.2398701e+00   1.6214153e+00   2.3228588e+00   1.5886555e+00   8.8536786e-01   9.7469397e-01   7.2651595e-01  -7.6958981e-01  -4.6336780e-01   1.1935388e+00   1.2861780e+00  -7.5320383e-01
   1.6342013e+00   6.7385868e-01   2.2534379e+00   1.6552359e+00   2.4086636e+00   1.7205275e+00   8.7772862e-01   7.8314081e-01   5.8277193e-01  -7.6539523e-01  -4.6147766e-01   1.1939009e+00   1.2603069e+00  -7.9309597e-01
   1.7558515e+00   8.9181922e-01   2.2669091e+00   1.7770097e+00   2.4165788e+00   1.6971929e+00   9.5221126e-01   7.3262130e-01   7.3781575e-01  -8.0104923e-01  -4.4269850e-01   1.1936866e+00   1.3660366e+00  -8.0210388e-01
   1.5543590e+00   8.4005921e-01   2.2788506e+00   1.5770184e+00   2.4165236e+00   1.7373233e+00   9.0255617e-01   6.9262668e-01   5.8592536e-01  -7.8636817e-01  -3.4481172e-01   1.1934565e+00   1.3834789e+00  -8.1625915e-01
   1.6400604e+00   1.0190743e+00   2.2925008e+00   1.6630141e+00   2.4051288e+00   1.7015108e+00   8.2043428e-01   9.6837903e-01   7.2730431e-01  -7.4022769e-01  -5.8999964e-01   1.1938720e+00   1.4010822e+00  -7.3776171e-01
   1.4576677e+00   1.2635575e+00   2.3097712e+00   1.4819459e+00   2.3459793e+00   1.6427436e+00   7.4022220e-01   1.1662471e+00   1.0691891e+00  -7.2344933e-01  -5.6399155e-01   1.1942954e+00   1.6002513e+00  -8.0467756e-01
