29425.9375
29755
29614.84375
29734.53125
29889.6875
29253.28125
28217.5
28462.34375
28717.96875
27898.90625
28480.78125
28381.25
28652.03125
28654.0625
28769.21875
28576.09375
28644.375
28835.15625
28967.5
28771.71875
28823.28125
29537.34375
29819.375
28748.4375
28069.375
26820.625
27530.15625
27228.75
27792.34375
27481.25
27770.78125
27631.25
27650
28158.75
27926.71875
28100.625
28276.09375
28268.75
28198.75
28370.9375
28299.0625
28587.5
28632.96875
26709.375
26150.78125
26533.28125
26102.5
26495
26383.125
26699.0625
26582.34375
26642.65625
27008.90625
26856.25
26683.125
26712.34375
27131.25
27365.78125
26760.3125
26926.5625
27287.96875
27066.40625
26940.78125
24433.59375
23968.125
23937.96875
23771.5625
23771.25
24152.34375
24009.6875
23518.28125
23950.3125
24483.59375
24492.8125
23842.1875
24307.34375
24483.28125
24058.90625
24692.65625
24515
24352.65625
24685.15625
24492.5
24717.65625
24058.59375
21420.46875
21135.3125
20966.40625
21305
21187.8125
21265.625
21621.5625
21635.3125
21729.375
21463.75
21902.03125
21920.9375
22034.6875
22038.125
22224.375
22565.78125
22532.96875
22310.46875
22564.375
22132.5
22745.78125
22522.65625
22610
22531.71875
18820.78125
18565.78125
18635.46875
18425.46875
19080.15625
18943.90625
18766.09375
18829.375
18848.125
18642.03125
18921.09375
19101.25
18888.28125
19132.65625
19267.1875
19035.78125
18988.75
18846.09375
19312.5
18898.28125
19289.6875
19536.40625
19337.96875
19222.03125
19065
19372.96875
19182.03125
19336.40625
15743.59375
15005.78125
15461.40625
14874.375
15206.875
15411.09375
14997.96875
14852.5
14931.40625
15132.65625
15089.21875
15178.4375
15318.4375
15477.03125
15024.0625
15015.15625
15199.53125
15208.75
15484.375
15499.84375
15391.5625
15437.1875
15317.8125
15580.15625
16169.5625
20147.25
20377.40625
20426.15625
20475
20143.21875
20384.25
20470.40625
20529.46875
20218.21875
20198.15625
20471.25
20445.375
20288.8125
20098.59375
20636.4375
20228.34375
20296.78125
20309.4375
20188.3125
20592.46875
20240.625
20413.78125
20252.90625
20313.09375
20526.84375
20418.28125
20210.71875
20421.1875
20050.03125
20493.5625
20222.53125
20364
20331.9375
20422.78125
20408.34375
20394
20504.4375
20347.40625
20413.125
20315.0625
20360.8125
20271.75
20309.625
20425.03125
20416.125
20476.6875
20205.1875
20336.53125
20428.21875
20636.8125
20641.21875
20906.25
20329.5
20573.53125
20606.34375
20785.40625
20829.84375
20384.25
20345.0625
20563.59375
20629.5
20631.375
20414.8125
20571.28125
20835.28125
20504.15625
20446.875
20383.6875
20533.125
20434.125
20465.34375
20543.34375
20457.375
20621.34375
20561.0625
20599.21875
20965.875
20914.875
20951.15625
21177.9375
20603.4375
20735.8125
21081.9375
21033.28125
20915.25
20683.21875
21026.25
20409.375
20889.46875
20841.375
20557.3125
20630.4375
20760.9375
20274.65625
20566.875
20486.0625
20575.40625
20339.4375
20401.03125
20421.1875
20563.3125
20556.75
20304.9375
20538.375
20542.125
20641.59375
20319.09375
20315.4375
20633.8125
20381.625
20433.75
20384.34375
20272.125
20687.71875
20124.28125
20485.96875
20444.4375
20052.5625
20608.40625
20372.25
20551.125
20346.09375
20424.75
20407.3125

